561	825	819	I:\BL_TXTS\1820s\1828\05\1828.05.01_TheMorningChronicle_0003.txt	I:\BL_TXTS\1820s\1828\05\1828.05.01_NorthWalesChronicle_0004.txt
307	433	434	I:\BL_TXTS\1820s\1828\05\1828.05.02_LiverpoolMercuryetc_0006.txt	I:\BL_TXTS\1820s\1828\05\1828.05.01_NorthWalesChronicle_0004.txt
220	334	354	I:\BL_TXTS\1820s\1828\05\1828.05.03_TheIpswichJournal_0001.txt	I:\BL_TXTS\1820s\1828\05\1828.05.01_NorthWalesChronicle_0003.txt
331	454	458	I:\BL_TXTS\1820s\1828\05\1828.05.03_TheNewcastleCourantetc_0003.txt	I:\BL_TXTS\1820s\1828\05\1828.05.03_TheNewcastleCourantetc_0001.txt
369	541	548	I:\BL_TXTS\1820s\1828\05\1828.05.03_TheNewcastleCourantetc_0004.txt	I:\BL_TXTS\1820s\1828\05\1828.05.03_TheIpswichJournal_0004.txt
282	372	382	I:\BL_TXTS\1820s\1828\05\1828.05.04_TheExaminer_0002.txt	I:\BL_TXTS\1820s\1828\05\1828.05.01_TheMorningChronicle_0002.txt
427	558	594	I:\BL_TXTS\1820s\1828\05\1828.05.04_TheExaminer_0009.txt	I:\BL_TXTS\1820s\1828\05\1828.05.03_TheMorningChronicle_0002.txt
734	912	933	I:\BL_TXTS\1820s\1828\05\1828.05.04_TheExaminer_0013.txt	I:\BL_TXTS\1820s\1828\05\1828.05.01_TheMorningChronicle_0003.txt
220	353	347	I:\BL_TXTS\1820s\1828\05\1828.05.04_TheExaminer_0013.txt	I:\BL_TXTS\1820s\1828\05\1828.05.03_TheIpswichJournal_0002.txt
272	331	319	I:\BL_TXTS\1820s\1828\05\1828.05.05_HampshireTelegraphandSussexChronicleetc_0002.txt	I:\BL_TXTS\1820s\1828\05\1828.05.04_TheExaminer_0010.txt
591	804	834	I:\BL_TXTS\1820s\1828\05\1828.05.06_TheBelfastNews-Letter_0001.txt	I:\BL_TXTS\1820s\1828\05\1828.05.02_TheBelfastNews-Letter_0001.txt
207	259	252	I:\BL_TXTS\1820s\1828\05\1828.05.06_TheBelfastNews-Letter_0003.txt	I:\BL_TXTS\1820s\1828\05\1828.05.02_TheBelfastNews-Letter_0001.txt
491	738	717	I:\BL_TXTS\1820s\1828\05\1828.05.06_TheBelfastNews-Letter_0003.txt	I:\BL_TXTS\1820s\1828\05\1828.05.02_TheBelfastNews-Letter_0003.txt
594	915	931	I:\BL_TXTS\1820s\1828\05\1828.05.06_TheBristolMercury_0001.txt	I:\BL_TXTS\1820s\1828\05\1828.05.01_TheMorningChronicle_0002.txt
211	293	307	I:\BL_TXTS\1820s\1828\05\1828.05.06_TheBristolMercury_0001.txt	I:\BL_TXTS\1820s\1828\05\1828.05.02_LiverpoolMercuryetc_0008.txt
213	286	280	I:\BL_TXTS\1820s\1828\05\1828.05.06_TheBristolMercury_0004.txt	I:\BL_TXTS\1820s\1828\05\1828.05.04_TheExaminer_0010.txt
208	324	326	I:\BL_TXTS\1820s\1828\05\1828.05.06_TheBristolMercury_0004.txt	I:\BL_TXTS\1820s\1828\05\1828.05.05_HampshireTelegraphandSussexChronicleetc_0002.txt
251	357	343	I:\BL_TXTS\1820s\1828\05\1828.05.06_TheHullPacketandHumberMercury_0001.txt	I:\BL_TXTS\1820s\1828\05\1828.05.03_TheIpswichJournal_0002.txt
343	515	502	I:\BL_TXTS\1820s\1828\05\1828.05.06_TheHullPacketandHumberMercury_0001.txt	I:\BL_TXTS\1820s\1828\05\1828.05.03_TheIpswichJournal_0004.txt
625	791	753	I:\BL_TXTS\1820s\1828\05\1828.05.06_TheHullPacketandHumberMercury_0001.txt	I:\BL_TXTS\1820s\1828\05\1828.05.03_TheNewcastleCourantetc_0004.txt
500	612	580	I:\BL_TXTS\1820s\1828\05\1828.05.06_TheHullPacketandHumberMercury_0001.txt	I:\BL_TXTS\1820s\1828\05\1828.05.04_TheExaminer_0006.txt
1012	1269	1227	I:\BL_TXTS\1820s\1828\05\1828.05.06_TheHullPacketandHumberMercury_0002.txt	I:\BL_TXTS\1820s\1828\05\1828.05.01_TheMorningChronicle_0003.txt
346	459	447	I:\BL_TXTS\1820s\1828\05\1828.05.06_TheHullPacketandHumberMercury_0002.txt	I:\BL_TXTS\1820s\1828\05\1828.05.02_TheMorningChronicle_0004.txt
589	736	702	I:\BL_TXTS\1820s\1828\05\1828.05.06_TheHullPacketandHumberMercury_0002.txt	I:\BL_TXTS\1820s\1828\05\1828.05.04_TheExaminer_0013.txt
413	541	545	I:\BL_TXTS\1820s\1828\05\1828.05.06_TheHullPacketandHumberMercury_0003.txt	I:\BL_TXTS\1820s\1828\05\1828.05.03_TheNewcastleCourantetc_0004.txt
393	521	526	I:\BL_TXTS\1820s\1828\05\1828.05.06_TheHullPacketandHumberMercury_0004.txt	I:\BL_TXTS\1820s\1828\05\1828.05.01_NorthWalesChronicle_0004.txt
353	458	447	I:\BL_TXTS\1820s\1828\05\1828.05.06_TheHullPacketandHumberMercury_0004.txt	I:\BL_TXTS\1820s\1828\05\1828.05.02_LiverpoolMercuryetc_0006.txt
663	887	866	I:\BL_TXTS\1820s\1828\05\1828.05.06_TheHullPacketandHumberMercury_0004.txt	I:\BL_TXTS\1820s\1828\05\1828.05.06_TheBelfastNews-Letter_0004.txt
216	291	289	I:\BL_TXTS\1820s\1828\05\1828.05.06_TheMorningChronicle_0003.txt	I:\BL_TXTS\1820s\1828\05\1828.05.06_TheMorningChronicle_0002.txt
202	235	219	I:\BL_TXTS\1820s\1828\05\1828.05.07_TheDerbyMercury_0001.txt	I:\BL_TXTS\1820s\1828\05\1828.05.04_TheExaminer_0006.txt
227	324	319	I:\BL_TXTS\1820s\1828\05\1828.05.07_TheDerbyMercury_0001.txt	I:\BL_TXTS\1820s\1828\05\1828.05.04_TheExaminer_0007.txt
963	1280	1306	I:\BL_TXTS\1820s\1828\05\1828.05.07_TheDerbyMercury_0001.txt	I:\BL_TXTS\1820s\1828\05\1828.05.06_TheHullPacketandHumberMercury_0001.txt
342	438	432	I:\BL_TXTS\1820s\1828\05\1828.05.07_TheDerbyMercury_0003.txt	I:\BL_TXTS\1820s\1828\05\1828.05.07_TheDerbyMercury_0001.txt
207	312	306	I:\BL_TXTS\1820s\1828\05\1828.05.07_TheDerbyMercury_0004.txt	I:\BL_TXTS\1820s\1828\05\1828.05.03_TheIpswichJournal_0002.txt
261	366	358	I:\BL_TXTS\1820s\1828\05\1828.05.07_TheDerbyMercury_0004.txt	I:\BL_TXTS\1820s\1828\05\1828.05.06_TheBristolMercury_0004.txt
220	365	359	I:\BL_TXTS\1820s\1828\05\1828.05.07_TheMorningChronicle_0001.txt	I:\BL_TXTS\1820s\1828\05\1828.05.01_TheMorningChronicle_0001.txt
296	487	493	I:\BL_TXTS\1820s\1828\05\1828.05.07_TheMorningChronicle_0001.txt	I:\BL_TXTS\1820s\1828\05\1828.05.05_TheMorningChronicle_0002.txt
210	355	346	I:\BL_TXTS\1820s\1828\05\1828.05.08_CaledonianMercury_0001.txt	I:\BL_TXTS\1820s\1828\05\1828.05.03_CaledonianMercury_0001.txt
385	624	619	I:\BL_TXTS\1820s\1828\05\1828.05.08_NorthWalesChronicle_0004.txt	I:\BL_TXTS\1820s\1828\05\1828.05.06_TheHullPacketandHumberMercury_0001.txt
200	325	318	I:\BL_TXTS\1820s\1828\05\1828.05.08_NorthWalesChronicle_0004.txt	I:\BL_TXTS\1820s\1828\05\1828.05.07_TheDerbyMercury_0001.txt
756	1171	1224	I:\BL_TXTS\1820s\1828\05\1828.05.08_TheMorningChronicle_0001.txt	I:\BL_TXTS\1820s\1828\05\1828.05.01_TheMorningChronicle_0004.txt
211	277	269	I:\BL_TXTS\1820s\1828\05\1828.05.09_LiverpoolMercuryetc_0002.txt	I:\BL_TXTS\1820s\1828\05\1828.05.02_TheMorningChronicle_0004.txt
208	262	271	I:\BL_TXTS\1820s\1828\05\1828.05.09_LiverpoolMercuryetc_0002.txt	I:\BL_TXTS\1820s\1828\05\1828.05.07_TheDerbyMercury_0004.txt
245	339	322	I:\BL_TXTS\1820s\1828\05\1828.05.09_LiverpoolMercuryetc_0003.txt	I:\BL_TXTS\1820s\1828\05\1828.05.01_TheMorningChronicle_0002.txt
310	383	371	I:\BL_TXTS\1820s\1828\05\1828.05.09_LiverpoolMercuryetc_0003.txt	I:\BL_TXTS\1820s\1828\05\1828.05.04_TheExaminer_0002.txt
200	264	268	I:\BL_TXTS\1820s\1828\05\1828.05.09_LiverpoolMercuryetc_0003.txt	I:\BL_TXTS\1820s\1828\05\1828.05.06_TheMorningChronicle_0002.txt
293	359	368	I:\BL_TXTS\1820s\1828\05\1828.05.09_LiverpoolMercuryetc_0003.txt	I:\BL_TXTS\1820s\1828\05\1828.05.07_TheDerbyMercury_0002.txt
643	1039	1026	I:\BL_TXTS\1820s\1828\05\1828.05.09_LiverpoolMercuryetc_0004.txt	I:\BL_TXTS\1820s\1828\05\1828.05.02_LiverpoolMercuryetc_0004.txt
370	597	580	I:\BL_TXTS\1820s\1828\05\1828.05.09_LiverpoolMercuryetc_0005.txt	I:\BL_TXTS\1820s\1828\05\1828.05.02_LiverpoolMercuryetc_0005.txt
203	235	236	I:\BL_TXTS\1820s\1828\05\1828.05.09_LiverpoolMercuryetc_0006.txt	I:\BL_TXTS\1820s\1828\05\1828.05.06_TheBristolMercury_0004.txt
431	547	548	I:\BL_TXTS\1820s\1828\05\1828.05.09_LiverpoolMercuryetc_0007.txt	I:\BL_TXTS\1820s\1828\05\1828.05.07_TheDerbyMercury_0002.txt
608	868	886	I:\BL_TXTS\1820s\1828\05\1828.05.09_TheBelfastNews-Letter_0001.txt	I:\BL_TXTS\1820s\1828\05\1828.05.02_TheBelfastNews-Letter_0001.txt
269	375	384	I:\BL_TXTS\1820s\1828\05\1828.05.09_TheBelfastNews-Letter_0001.txt	I:\BL_TXTS\1820s\1828\05\1828.05.06_TheBelfastNews-Letter_0001.txt
205	292	288	I:\BL_TXTS\1820s\1828\05\1828.05.09_TheBelfastNews-Letter_0001.txt	I:\BL_TXTS\1820s\1828\05\1828.05.07_TheMorningChronicle_0004.txt
400	504	493	I:\BL_TXTS\1820s\1828\05\1828.05.09_TheBelfastNews-Letter_0002.txt	I:\BL_TXTS\1820s\1828\05\1828.05.02_TheMorningChronicle_0004.txt
305	385	391	I:\BL_TXTS\1820s\1828\05\1828.05.09_TheBelfastNews-Letter_0002.txt	I:\BL_TXTS\1820s\1828\05\1828.05.07_TheDerbyMercury_0002.txt
667	1012	997	I:\BL_TXTS\1820s\1828\05\1828.05.09_TheBelfastNews-Letter_0003.txt	I:\BL_TXTS\1820s\1828\05\1828.05.02_TheBelfastNews-Letter_0003.txt
698	946	943	I:\BL_TXTS\1820s\1828\05\1828.05.09_TheBelfastNews-Letter_0003.txt	I:\BL_TXTS\1820s\1828\05\1828.05.06_TheBelfastNews-Letter_0003.txt
563	952	976	I:\BL_TXTS\1820s\1828\05\1828.05.09_TheBelfastNews-Letter_0004.txt	I:\BL_TXTS\1820s\1828\05\1828.05.02_TheBelfastNews-Letter_0004.txt
312	462	478	I:\BL_TXTS\1820s\1828\05\1828.05.10_Cobbett'sWeeklyPoliticalRegister_0008.txt	I:\BL_TXTS\1820s\1828\05\1828.05.03_TheLeedsMercury_0002.txt
285	453	450	I:\BL_TXTS\1820s\1828\05\1828.05.10_TheIpswichJournal_0001.txt	I:\BL_TXTS\1820s\1828\05\1828.05.03_TheIpswichJournal_0001.txt
270	357	357	I:\BL_TXTS\1820s\1828\05\1828.05.10_TheIpswichJournal_0001.txt	I:\BL_TXTS\1820s\1828\05\1828.05.07_TheMorningChronicle_0004.txt
692	829	818	I:\BL_TXTS\1820s\1828\05\1828.05.10_TheNewcastleCourantetc_0001.txt	I:\BL_TXTS\1820s\1828\05\1828.05.03_TheNewcastleCourantetc_0001.txt
310	420	421	I:\BL_TXTS\1820s\1828\05\1828.05.10_TheNewcastleCourantetc_0001.txt	I:\BL_TXTS\1820s\1828\05\1828.05.03_TheNewcastleCourantetc_0003.txt
223	282	283	I:\BL_TXTS\1820s\1828\05\1828.05.10_TheNewcastleCourantetc_0001.txt	I:\BL_TXTS\1820s\1828\05\1828.05.03_TheNewcastleCourantetc_0004.txt
273	424	428	I:\BL_TXTS\1820s\1828\05\1828.05.10_TheNewcastleCourantetc_0002.txt	I:\BL_TXTS\1820s\1828\05\1828.05.03_TheIpswichJournal_0002.txt
222	256	262	I:\BL_TXTS\1820s\1828\05\1828.05.10_TheNewcastleCourantetc_0002.txt	I:\BL_TXTS\1820s\1828\05\1828.05.07_TheDerbyMercury_0003.txt
269	367	372	I:\BL_TXTS\1820s\1828\05\1828.05.10_TheNewcastleCourantetc_0002.txt	I:\BL_TXTS\1820s\1828\05\1828.05.07_TheMorningChronicle_0004.txt
865	1219	1214	I:\BL_TXTS\1820s\1828\05\1828.05.10_TheNewcastleCourantetc_0003.txt	I:\BL_TXTS\1820s\1828\05\1828.05.03_TheNewcastleCourantetc_0001.txt
570	948	964	I:\BL_TXTS\1820s\1828\05\1828.05.10_TheNewcastleCourantetc_0003.txt	I:\BL_TXTS\1820s\1828\05\1828.05.03_TheNewcastleCourantetc_0002.txt
1634	2339	2351	I:\BL_TXTS\1820s\1828\05\1828.05.10_TheNewcastleCourantetc_0003.txt	I:\BL_TXTS\1820s\1828\05\1828.05.03_TheNewcastleCourantetc_0003.txt
269	339	341	I:\BL_TXTS\1820s\1828\05\1828.05.10_TheNewcastleCourantetc_0004.txt	I:\BL_TXTS\1820s\1828\05\1828.05.03_TheNewcastleCourantetc_0001.txt
376	618	626	I:\BL_TXTS\1820s\1828\05\1828.05.10_TheNewcastleCourantetc_0004.txt	I:\BL_TXTS\1820s\1828\05\1828.05.03_TheNewcastleCourantetc_0004.txt
237	375	374	I:\BL_TXTS\1820s\1828\05\1828.05.10_TheNewcastleCourantetc_0004.txt	I:\BL_TXTS\1820s\1828\05\1828.05.10_TheIpswichJournal_0004.txt
278	429	435	I:\BL_TXTS\1820s\1828\05\1828.05.11_TheExaminer_0011.txt	I:\BL_TXTS\1820s\1828\05\1828.05.08_TheMorningChronicle_0003.txt
203	228	231	I:\BL_TXTS\1820s\1828\05\1828.05.11_TheExaminer_0012.txt	I:\BL_TXTS\1820s\1828\05\1828.05.07_TheMorningChronicle_0004.txt
207	305	298	I:\BL_TXTS\1820s\1828\05\1828.05.11_TheExaminer_0012.txt	I:\BL_TXTS\1820s\1828\05\1828.05.08_TheMorningChronicle_0002.txt
257	357	357	I:\BL_TXTS\1820s\1828\05\1828.05.11_TheExaminer_0013.txt	I:\BL_TXTS\1820s\1828\05\1828.05.04_TheExaminer_0014.txt
220	277	275	I:\BL_TXTS\1820s\1828\05\1828.05.11_TheExaminer_0013.txt	I:\BL_TXTS\1820s\1828\05\1828.05.08_TheMorningChronicle_0004.txt
852	1297	1256	I:\BL_TXTS\1820s\1828\05\1828.05.12_HampshireTelegraphandSussexChronicleetc_0001.txt	I:\BL_TXTS\1820s\1828\05\1828.05.05_HampshireTelegraphandSussexChronicleetc_0001.txt
357	593	565	I:\BL_TXTS\1820s\1828\05\1828.05.12_HampshireTelegraphandSussexChronicleetc_0001.txt	I:\BL_TXTS\1820s\1828\05\1828.05.05_HampshireTelegraphandSussexChronicleetc_0003.txt
305	511	512	I:\BL_TXTS\1820s\1828\05\1828.05.12_HampshireTelegraphandSussexChronicleetc_0002.txt	I:\BL_TXTS\1820s\1828\05\1828.05.06_TheMorningChronicle_0002.txt
236	344	343	I:\BL_TXTS\1820s\1828\05\1828.05.12_HampshireTelegraphandSussexChronicleetc_0002.txt	I:\BL_TXTS\1820s\1828\05\1828.05.06_TheMorningChronicle_0003.txt
211	286	269	I:\BL_TXTS\1820s\1828\05\1828.05.12_HampshireTelegraphandSussexChronicleetc_0002.txt	I:\BL_TXTS\1820s\1828\05\1828.05.11_TheExaminer_0011.txt
241	315	304	I:\BL_TXTS\1820s\1828\05\1828.05.12_HampshireTelegraphandSussexChronicleetc_0004.txt	I:\BL_TXTS\1820s\1828\05\1828.05.11_TheExaminer_0009.txt
216	376	358	I:\BL_TXTS\1820s\1828\05\1828.05.12_TheMorningChronicle_0004.txt	I:\BL_TXTS\1820s\1828\05\1828.05.05_TheMorningChronicle_0004.txt
387	665	626	I:\BL_TXTS\1820s\1828\05\1828.05.12_TheMorningChronicle_0004.txt	I:\BL_TXTS\1820s\1828\05\1828.05.07_TheMorningChronicle_0001.txt
227	334	340	I:\BL_TXTS\1820s\1828\05\1828.05.13_TheBelfastNews-Letter_0001.txt	I:\BL_TXTS\1820s\1828\05\1828.05.02_TheBelfastNews-Letter_0001.txt
421	656	657	I:\BL_TXTS\1820s\1828\05\1828.05.13_TheBelfastNews-Letter_0001.txt	I:\BL_TXTS\1820s\1828\05\1828.05.06_TheBelfastNews-Letter_0001.txt
346	526	522	I:\BL_TXTS\1820s\1828\05\1828.05.13_TheBelfastNews-Letter_0001.txt	I:\BL_TXTS\1820s\1828\05\1828.05.09_TheBelfastNews-Letter_0001.txt
327	439	438	I:\BL_TXTS\1820s\1828\05\1828.05.13_TheBelfastNews-Letter_0002.txt	I:\BL_TXTS\1820s\1828\05\1828.05.05_CaledonianMercury_0003.txt
222	326	316	I:\BL_TXTS\1820s\1828\05\1828.05.13_TheBelfastNews-Letter_0003.txt	I:\BL_TXTS\1820s\1828\05\1828.05.02_TheBelfastNews-Letter_0003.txt
831	1128	1121	I:\BL_TXTS\1820s\1828\05\1828.05.13_TheBelfastNews-Letter_0003.txt	I:\BL_TXTS\1820s\1828\05\1828.05.06_TheBelfastNews-Letter_0003.txt
608	868	885	I:\BL_TXTS\1820s\1828\05\1828.05.13_TheBelfastNews-Letter_0003.txt	I:\BL_TXTS\1820s\1828\05\1828.05.09_TheBelfastNews-Letter_0003.txt
205	282	290	I:\BL_TXTS\1820s\1828\05\1828.05.13_TheBelfastNews-Letter_0004.txt	I:\BL_TXTS\1820s\1828\05\1828.05.09_TheMorningChronicle_0002.txt
556	814	821	I:\BL_TXTS\1820s\1828\05\1828.05.13_TheBristolMercury_0001.txt	I:\BL_TXTS\1820s\1828\05\1828.05.06_TheMorningChronicle_0002.txt
260	354	366	I:\BL_TXTS\1820s\1828\05\1828.05.13_TheBristolMercury_0001.txt	I:\BL_TXTS\1820s\1828\05\1828.05.07_TheDerbyMercury_0002.txt
336	415	408	I:\BL_TXTS\1820s\1828\05\1828.05.13_TheBristolMercury_0001.txt	I:\BL_TXTS\1820s\1828\05\1828.05.08_TheMorningChronicle_0002.txt
274	399	393	I:\BL_TXTS\1820s\1828\05\1828.05.13_TheBristolMercury_0001.txt	I:\BL_TXTS\1820s\1828\05\1828.05.12_HampshireTelegraphandSussexChronicleetc_0002.txt
222	363	378	I:\BL_TXTS\1820s\1828\05\1828.05.13_TheBristolMercury_0002.txt	I:\BL_TXTS\1820s\1828\05\1828.05.12_TheMorningChronicle_0003.txt
220	331	331	I:\BL_TXTS\1820s\1828\05\1828.05.13_TheBristolMercury_0002.txt	I:\BL_TXTS\1820s\1828\05\1828.05.13_TheBelfastNews-Letter_0001.txt
213	304	308	I:\BL_TXTS\1820s\1828\05\1828.05.13_TheBristolMercury_0003.txt	I:\BL_TXTS\1820s\1828\05\1828.05.06_TheBristolMercury_0003.txt
273	415	412	I:\BL_TXTS\1820s\1828\05\1828.05.13_TheHullPacketandHumberMercury_0001.txt	I:\BL_TXTS\1820s\1828\05\1828.05.09_TheMorningChronicle_0002.txt
225	289	287	I:\BL_TXTS\1820s\1828\05\1828.05.13_TheHullPacketandHumberMercury_0001.txt	I:\BL_TXTS\1820s\1828\05\1828.05.11_TheExaminer_0006.txt
201	236	229	I:\BL_TXTS\1820s\1828\05\1828.05.13_TheHullPacketandHumberMercury_0001.txt	I:\BL_TXTS\1820s\1828\05\1828.05.11_TheExaminer_0009.txt
486	707	696	I:\BL_TXTS\1820s\1828\05\1828.05.13_TheHullPacketandHumberMercury_0001.txt	I:\BL_TXTS\1820s\1828\05\1828.05.12_HampshireTelegraphandSussexChronicleetc_0004.txt
328	441	444	I:\BL_TXTS\1820s\1828\05\1828.05.13_TheHullPacketandHumberMercury_0001.txt	I:\BL_TXTS\1820s\1828\05\1828.05.13_TheBristolMercury_0001.txt
627	791	800	I:\BL_TXTS\1820s\1828\05\1828.05.13_TheHullPacketandHumberMercury_0002.txt	I:\BL_TXTS\1820s\1828\05\1828.05.06_TheHullPacketandHumberMercury_0002.txt
349	474	459	I:\BL_TXTS\1820s\1828\05\1828.05.13_TheHullPacketandHumberMercury_0003.txt	I:\BL_TXTS\1820s\1828\05\1828.05.08_TheMorningChronicle_0003.txt
205	267	271	I:\BL_TXTS\1820s\1828\05\1828.05.13_TheHullPacketandHumberMercury_0004.txt	I:\BL_TXTS\1820s\1828\05\1828.05.13_TheBelfastNews-Letter_0002.txt
214	318	305	I:\BL_TXTS\1820s\1828\05\1828.05.13_TheHullPacketandHumberMercury_0004.txt	I:\BL_TXTS\1820s\1828\05\1828.05.13_TheBristolMercury_0004.txt
551	925	916	I:\BL_TXTS\1820s\1828\05\1828.05.14_TheAberdeenJournal_0001.txt	I:\BL_TXTS\1820s\1828\05\1828.05.07_TheAberdeenJournal_0002.txt
649	841	848	I:\BL_TXTS\1820s\1828\05\1828.05.14_TheDerbyMercury_0001.txt	I:\BL_TXTS\1820s\1828\05\1828.05.07_TheDerbyMercury_0001.txt
700	897	936	I:\BL_TXTS\1820s\1828\05\1828.05.14_TheDerbyMercury_0001.txt	I:\BL_TXTS\1820s\1828\05\1828.05.07_TheDerbyMercury_0002.txt
479	607	620	I:\BL_TXTS\1820s\1828\05\1828.05.14_TheDerbyMercury_0001.txt	I:\BL_TXTS\1820s\1828\05\1828.05.07_TheDerbyMercury_0003.txt
1266	1879	1840	I:\BL_TXTS\1820s\1828\05\1828.05.14_TheDerbyMercury_0001.txt	I:\BL_TXTS\1820s\1828\05\1828.05.13_TheBelfastNews-Letter_0001.txt
275	401	384	I:\BL_TXTS\1820s\1828\05\1828.05.14_TheDerbyMercury_0001.txt	I:\BL_TXTS\1820s\1828\05\1828.05.13_TheBristolMercury_0002.txt
243	337	344	I:\BL_TXTS\1820s\1828\05\1828.05.14_TheDerbyMercury_0002.txt	I:\BL_TXTS\1820s\1828\05\1828.05.06_TheHullPacketandHumberMercury_0003.txt
569	726	709	I:\BL_TXTS\1820s\1828\05\1828.05.14_TheDerbyMercury_0002.txt	I:\BL_TXTS\1820s\1828\05\1828.05.07_TheDerbyMercury_0001.txt
474	648	655	I:\BL_TXTS\1820s\1828\05\1828.05.14_TheDerbyMercury_0002.txt	I:\BL_TXTS\1820s\1828\05\1828.05.07_TheDerbyMercury_0002.txt
209	291	290	I:\BL_TXTS\1820s\1828\05\1828.05.14_TheDerbyMercury_0002.txt	I:\BL_TXTS\1820s\1828\05\1828.05.07_TheDerbyMercury_0003.txt
574	794	780	I:\BL_TXTS\1820s\1828\05\1828.05.14_TheDerbyMercury_0003.txt	I:\BL_TXTS\1820s\1828\05\1828.05.07_TheDerbyMercury_0003.txt
283	394	393	I:\BL_TXTS\1820s\1828\05\1828.05.14_TheDerbyMercury_0004.txt	I:\BL_TXTS\1820s\1828\05\1828.05.12_HampshireTelegraphandSussexChronicleetc_0003.txt
436	627	613	I:\BL_TXTS\1820s\1828\05\1828.05.14_TheDerbyMercury_0004.txt	I:\BL_TXTS\1820s\1828\05\1828.05.12_HampshireTelegraphandSussexChronicleetc_0004.txt
426	672	668	I:\BL_TXTS\1820s\1828\05\1828.05.14_TheDerbyMercury_0004.txt	I:\BL_TXTS\1820s\1828\05\1828.05.13_TheBelfastNews-Letter_0001.txt
783	1105	1086	I:\BL_TXTS\1820s\1828\05\1828.05.14_TheDerbyMercury_0004.txt	I:\BL_TXTS\1820s\1828\05\1828.05.13_TheHullPacketandHumberMercury_0001.txt
319	535	537	I:\BL_TXTS\1820s\1828\05\1828.05.14_TheMorningChronicle_0004.txt	I:\BL_TXTS\1820s\1828\05\1828.05.05_TheMorningChronicle_0004.txt
239	324	334	I:\BL_TXTS\1820s\1828\05\1828.05.14_TheMorningChronicle_0004.txt	I:\BL_TXTS\1820s\1828\05\1828.05.14_TheDerbyMercury_0002.txt
213	377	364	I:\BL_TXTS\1820s\1828\05\1828.05.15_CaledonianMercury_0001.txt	I:\BL_TXTS\1820s\1828\05\1828.05.01_CaledonianMercury_0001.txt
228	324	315	I:\BL_TXTS\1820s\1828\05\1828.05.15_NorthWalesChronicle_0001.txt	I:\BL_TXTS\1820s\1828\05\1828.05.13_TheHullPacketandHumberMercury_0001.txt
214	360	372	I:\BL_TXTS\1820s\1828\05\1828.05.15_NorthWalesChronicle_0003.txt	I:\BL_TXTS\1820s\1828\05\1828.05.01_NorthWalesChronicle_0003.txt
224	351	343	I:\BL_TXTS\1820s\1828\05\1828.05.15_TheMorningChronicle_0002.txt	I:\BL_TXTS\1820s\1828\05\1828.05.08_TheMorningChronicle_0001.txt
544	856	895	I:\BL_TXTS\1820s\1828\05\1828.05.15_TheMorningChronicle_0004.txt	I:\BL_TXTS\1820s\1828\05\1828.05.01_TheMorningChronicle_0004.txt
593	1005	1002	I:\BL_TXTS\1820s\1828\05\1828.05.15_TheMorningChronicle_0004.txt	I:\BL_TXTS\1820s\1828\05\1828.05.08_TheMorningChronicle_0001.txt
331	580	597	I:\BL_TXTS\1820s\1828\05\1828.05.15_TheMorningChronicle_0004.txt	I:\BL_TXTS\1820s\1828\05\1828.05.12_TheMorningChronicle_0004.txt
228	354	357	I:\BL_TXTS\1820s\1828\05\1828.05.15_Trewman'sExeterFlyingPostorPlymouthandCornishAdvertiser_0004.txt	I:\BL_TXTS\1820s\1828\05\1828.05.09_TheBelfastNews-Letter_0004.txt
303	493	484	I:\BL_TXTS\1820s\1828\05\1828.05.15_Trewman'sExeterFlyingPostorPlymouthandCornishAdvertiser_0004.txt	I:\BL_TXTS\1820s\1828\05\1828.05.12_HampshireTelegraphandSussexChronicleetc_0004.txt
330	524	523	I:\BL_TXTS\1820s\1828\05\1828.05.15_Trewman'sExeterFlyingPostorPlymouthandCornishAdvertiser_0004.txt	I:\BL_TXTS\1820s\1828\05\1828.05.13_TheHullPacketandHumberMercury_0001.txt
374	570	583	I:\BL_TXTS\1820s\1828\05\1828.05.15_Trewman'sExeterFlyingPostorPlymouthandCornishAdvertiser_0004.txt	I:\BL_TXTS\1820s\1828\05\1828.05.14_TheDerbyMercury_0004.txt
351	533	538	I:\BL_TXTS\1820s\1828\05\1828.05.16_LiverpoolMercuryetc_0004.txt	I:\BL_TXTS\1820s\1828\05\1828.05.02_LiverpoolMercuryetc_0004.txt
428	649	653	I:\BL_TXTS\1820s\1828\05\1828.05.16_LiverpoolMercuryetc_0004.txt	I:\BL_TXTS\1820s\1828\05\1828.05.09_LiverpoolMercuryetc_0004.txt
483	773	770	I:\BL_TXTS\1820s\1828\05\1828.05.16_LiverpoolMercuryetc_0005.txt	I:\BL_TXTS\1820s\1828\05\1828.05.02_LiverpoolMercuryetc_0005.txt
477	727	738	I:\BL_TXTS\1820s\1828\05\1828.05.16_LiverpoolMercuryetc_0005.txt	I:\BL_TXTS\1820s\1828\05\1828.05.09_LiverpoolMercuryetc_0005.txt
270	320	317	I:\BL_TXTS\1820s\1828\05\1828.05.16_LiverpoolMercuryetc_0006.txt	I:\BL_TXTS\1820s\1828\05\1828.05.11_TheExaminer_0012.txt
294	395	391	I:\BL_TXTS\1820s\1828\05\1828.05.16_LiverpoolMercuryetc_0006.txt	I:\BL_TXTS\1820s\1828\05\1828.05.14_TheDerbyMercury_0002.txt
201	301	309	I:\BL_TXTS\1820s\1828\05\1828.05.16_LiverpoolMercuryetc_0007.txt	I:\BL_TXTS\1820s\1828\05\1828.05.02_LiverpoolMercuryetc_0007.txt
288	479	476	I:\BL_TXTS\1820s\1828\05\1828.05.16_LiverpoolMercuryetc_0007.txt	I:\BL_TXTS\1820s\1828\05\1828.05.09_LiverpoolMercuryetc_0007.txt
219	352	349	I:\BL_TXTS\1820s\1828\05\1828.05.16_TheBelfastNews-Letter_0001.txt	I:\BL_TXTS\1820s\1828\05\1828.05.09_TheBelfastNews-Letter_0001.txt
1616	2469	2477	I:\BL_TXTS\1820s\1828\05\1828.05.16_TheBelfastNews-Letter_0001.txt	I:\BL_TXTS\1820s\1828\05\1828.05.13_TheMorningChronicle_0002.txt
226	325	331	I:\BL_TXTS\1820s\1828\05\1828.05.16_TheBelfastNews-Letter_0002.txt	I:\BL_TXTS\1820s\1828\05\1828.05.12_CaledonianMercury_0003.txt
603	912	918	I:\BL_TXTS\1820s\1828\05\1828.05.16_TheBelfastNews-Letter_0002.txt	I:\BL_TXTS\1820s\1828\05\1828.05.13_TheMorningChronicle_0003.txt
628	778	757	I:\BL_TXTS\1820s\1828\05\1828.05.16_TheBelfastNews-Letter_0002.txt	I:\BL_TXTS\1820s\1828\05\1828.05.14_TheDerbyMercury_0002.txt
272	354	362	I:\BL_TXTS\1820s\1828\05\1828.05.16_TheBelfastNews-Letter_0003.txt	I:\BL_TXTS\1820s\1828\05\1828.05.06_TheBelfastNews-Letter_0003.txt
457	642	672	I:\BL_TXTS\1820s\1828\05\1828.05.16_TheBelfastNews-Letter_0003.txt	I:\BL_TXTS\1820s\1828\05\1828.05.09_TheBelfastNews-Letter_0003.txt
913	1225	1244	I:\BL_TXTS\1820s\1828\05\1828.05.16_TheBelfastNews-Letter_0003.txt	I:\BL_TXTS\1820s\1828\05\1828.05.13_TheBelfastNews-Letter_0003.txt
434	710	707	I:\BL_TXTS\1820s\1828\05\1828.05.16_TheBelfastNews-Letter_0004.txt	I:\BL_TXTS\1820s\1828\05\1828.05.02_TheBelfastNews-Letter_0004.txt
236	336	334	I:\BL_TXTS\1820s\1828\05\1828.05.16_TheBelfastNews-Letter_0004.txt	I:\BL_TXTS\1820s\1828\05\1828.05.04_TheExaminer_0011.txt
283	461	454	I:\BL_TXTS\1820s\1828\05\1828.05.16_TheBelfastNews-Letter_0004.txt	I:\BL_TXTS\1820s\1828\05\1828.05.09_TheBelfastNews-Letter_0001.txt
506	833	820	I:\BL_TXTS\1820s\1828\05\1828.05.16_TheBelfastNews-Letter_0004.txt	I:\BL_TXTS\1820s\1828\05\1828.05.09_TheBelfastNews-Letter_0004.txt
229	341	326	I:\BL_TXTS\1820s\1828\05\1828.05.16_TheMorningChronicle_0003.txt	I:\BL_TXTS\1820s\1828\05\1828.05.13_TheHullPacketandHumberMercury_0003.txt
407	676	668	I:\BL_TXTS\1820s\1828\05\1828.05.17_CaledonianMercury_0001.txt	I:\BL_TXTS\1820s\1828\05\1828.05.03_CaledonianMercury_0001.txt
385	606	614	I:\BL_TXTS\1820s\1828\05\1828.05.17_Cobbett'sWeeklyPoliticalRegister_0005.txt	I:\BL_TXTS\1820s\1828\05\1828.05.13_TheMorningChronicle_0001.txt
220	331	331	I:\BL_TXTS\1820s\1828\05\1828.05.17_TheIpswichJournal_0001.txt	I:\BL_TXTS\1820s\1828\05\1828.05.10_TheIpswichJournal_0001.txt
266	391	381	I:\BL_TXTS\1820s\1828\05\1828.05.17_TheIpswichJournal_0001.txt	I:\BL_TXTS\1820s\1828\05\1828.05.17_Cobbett'sWeeklyPoliticalRegister_0002.txt
273	480	470	I:\BL_TXTS\1820s\1828\05\1828.05.17_TheIpswichJournal_0004.txt	I:\BL_TXTS\1820s\1828\05\1828.05.03_TheIpswichJournal_0004.txt
279	321	321	I:\BL_TXTS\1820s\1828\05\1828.05.17_TheIpswichJournal_0004.txt	I:\BL_TXTS\1820s\1828\05\1828.05.11_TheExaminer_0009.txt
818	1158	1195	I:\BL_TXTS\1820s\1828\05\1828.05.17_TheIpswichJournal_0004.txt	I:\BL_TXTS\1820s\1828\05\1828.05.12_HampshireTelegraphandSussexChronicleetc_0004.txt
604	798	817	I:\BL_TXTS\1820s\1828\05\1828.05.17_TheIpswichJournal_0004.txt	I:\BL_TXTS\1820s\1828\05\1828.05.13_TheHullPacketandHumberMercury_0001.txt
856	1225	1242	I:\BL_TXTS\1820s\1828\05\1828.05.17_TheIpswichJournal_0004.txt	I:\BL_TXTS\1820s\1828\05\1828.05.13_TheMorningChronicle_0002.txt
675	899	916	I:\BL_TXTS\1820s\1828\05\1828.05.17_TheIpswichJournal_0004.txt	I:\BL_TXTS\1820s\1828\05\1828.05.14_TheDerbyMercury_0004.txt
359	576	580	I:\BL_TXTS\1820s\1828\05\1828.05.17_TheIpswichJournal_0004.txt	I:\BL_TXTS\1820s\1828\05\1828.05.15_Trewman'sExeterFlyingPostorPlymouthandCornishAdvertiser_0004.txt
307	447	452	I:\BL_TXTS\1820s\1828\05\1828.05.17_TheIpswichJournal_0004.txt	I:\BL_TXTS\1820s\1828\05\1828.05.16_TheBelfastNews-Letter_0001.txt
212	352	336	I:\BL_TXTS\1820s\1828\05\1828.05.17_TheIpswichJournal_0004.txt	I:\BL_TXTS\1820s\1828\05\1828.05.16_TheBelfastNews-Letter_0004.txt
221	276	276	I:\BL_TXTS\1820s\1828\05\1828.05.17_TheLeedsMercury_0002.txt	I:\BL_TXTS\1820s\1828\05\1828.05.11_TheExaminer_0009.txt
475	696	714	I:\BL_TXTS\1820s\1828\05\1828.05.17_TheLeedsMercury_0002.txt	I:\BL_TXTS\1820s\1828\05\1828.05.12_HampshireTelegraphandSussexChronicleetc_0004.txt
322	444	456	I:\BL_TXTS\1820s\1828\05\1828.05.17_TheLeedsMercury_0002.txt	I:\BL_TXTS\1820s\1828\05\1828.05.13_TheHullPacketandHumberMercury_0001.txt
566	735	715	I:\BL_TXTS\1820s\1828\05\1828.05.17_TheLeedsMercury_0002.txt	I:\BL_TXTS\1820s\1828\05\1828.05.14_TheDerbyMercury_0002.txt
284	399	414	I:\BL_TXTS\1820s\1828\05\1828.05.17_TheLeedsMercury_0002.txt	I:\BL_TXTS\1820s\1828\05\1828.05.14_TheDerbyMercury_0004.txt
215	346	359	I:\BL_TXTS\1820s\1828\05\1828.05.17_TheLeedsMercury_0002.txt	I:\BL_TXTS\1820s\1828\05\1828.05.15_Trewman'sExeterFlyingPostorPlymouthandCornishAdvertiser_0004.txt
524	676	671	I:\BL_TXTS\1820s\1828\05\1828.05.17_TheLeedsMercury_0002.txt	I:\BL_TXTS\1820s\1828\05\1828.05.16_TheBelfastNews-Letter_0002.txt
468	665	664	I:\BL_TXTS\1820s\1828\05\1828.05.17_TheLeedsMercury_0002.txt	I:\BL_TXTS\1820s\1828\05\1828.05.17_TheIpswichJournal_0004.txt
443	734	736	I:\BL_TXTS\1820s\1828\05\1828.05.17_TheLeedsMercury_0004.txt	I:\BL_TXTS\1820s\1828\05\1828.05.11_TheExaminer_0007.txt
213	367	369	I:\BL_TXTS\1820s\1828\05\1828.05.17_TheLeedsMercury_0004.txt	I:\BL_TXTS\1820s\1828\05\1828.05.11_TheExaminer_0008.txt
261	452	464	I:\BL_TXTS\1820s\1828\05\1828.05.17_TheMorningChronicle_0004.txt	I:\BL_TXTS\1820s\1828\05\1828.05.06_TheMorningChronicle_0004.txt
372	462	463	I:\BL_TXTS\1820s\1828\05\1828.05.17_TheNewcastleCourantetc_0001.txt	I:\BL_TXTS\1820s\1828\05\1828.05.03_TheNewcastleCourantetc_0001.txt
689	963	956	I:\BL_TXTS\1820s\1828\05\1828.05.17_TheNewcastleCourantetc_0001.txt	I:\BL_TXTS\1820s\1828\05\1828.05.03_TheNewcastleCourantetc_0003.txt
1028	1283	1288	I:\BL_TXTS\1820s\1828\05\1828.05.17_TheNewcastleCourantetc_0001.txt	I:\BL_TXTS\1820s\1828\05\1828.05.10_TheNewcastleCourantetc_0001.txt
419	628	635	I:\BL_TXTS\1820s\1828\05\1828.05.17_TheNewcastleCourantetc_0002.txt	I:\BL_TXTS\1820s\1828\05\1828.05.13_TheBelfastNews-Letter_0001.txt
676	917	914	I:\BL_TXTS\1820s\1828\05\1828.05.17_TheNewcastleCourantetc_0002.txt	I:\BL_TXTS\1820s\1828\05\1828.05.13_TheBristolMercury_0002.txt
357	590	613	I:\BL_TXTS\1820s\1828\05\1828.05.17_TheNewcastleCourantetc_0002.txt	I:\BL_TXTS\1820s\1828\05\1828.05.13_TheMorningChronicle_0001.txt
535	752	774	I:\BL_TXTS\1820s\1828\05\1828.05.17_TheNewcastleCourantetc_0002.txt	I:\BL_TXTS\1820s\1828\05\1828.05.14_TheDerbyMercury_0001.txt
335	419	423	I:\BL_TXTS\1820s\1828\05\1828.05.17_TheNewcastleCourantetc_0002.txt	I:\BL_TXTS\1820s\1828\05\1828.05.17_Cobbett'sWeeklyPoliticalRegister_0002.txt
585	781	802	I:\BL_TXTS\1820s\1828\05\1828.05.17_TheNewcastleCourantetc_0002.txt	I:\BL_TXTS\1820s\1828\05\1828.05.17_Cobbett'sWeeklyPoliticalRegister_0003.txt
499	678	691	I:\BL_TXTS\1820s\1828\05\1828.05.17_TheNewcastleCourantetc_0002.txt	I:\BL_TXTS\1820s\1828\05\1828.05.17_Cobbett'sWeeklyPoliticalRegister_0004.txt
624	788	804	I:\BL_TXTS\1820s\1828\05\1828.05.17_TheNewcastleCourantetc_0002.txt	I:\BL_TXTS\1820s\1828\05\1828.05.17_Cobbett'sWeeklyPoliticalRegister_0005.txt
397	601	609	I:\BL_TXTS\1820s\1828\05\1828.05.17_TheNewcastleCourantetc_0002.txt	I:\BL_TXTS\1820s\1828\05\1828.05.17_TheIpswichJournal_0001.txt
510	737	750	I:\BL_TXTS\1820s\1828\05\1828.05.17_TheNewcastleCourantetc_0003.txt	I:\BL_TXTS\1820s\1828\05\1828.05.03_TheNewcastleCourantetc_0001.txt
448	753	743	I:\BL_TXTS\1820s\1828\05\1828.05.17_TheNewcastleCourantetc_0003.txt	I:\BL_TXTS\1820s\1828\05\1828.05.03_TheNewcastleCourantetc_0002.txt
802	1145	1140	I:\BL_TXTS\1820s\1828\05\1828.05.17_TheNewcastleCourantetc_0003.txt	I:\BL_TXTS\1820s\1828\05\1828.05.03_TheNewcastleCourantetc_0003.txt
480	763	761	I:\BL_TXTS\1820s\1828\05\1828.05.17_TheNewcastleCourantetc_0003.txt	I:\BL_TXTS\1820s\1828\05\1828.05.10_TheNewcastleCourantetc_0001.txt
1237	1972	1965	I:\BL_TXTS\1820s\1828\05\1828.05.17_TheNewcastleCourantetc_0003.txt	I:\BL_TXTS\1820s\1828\05\1828.05.10_TheNewcastleCourantetc_0003.txt
241	341	356	I:\BL_TXTS\1820s\1828\05\1828.05.17_TheNewcastleCourantetc_0003.txt	I:\BL_TXTS\1820s\1828\05\1828.05.13_TheBelfastNews-Letter_0004.txt
522	788	798	I:\BL_TXTS\1820s\1828\05\1828.05.17_TheNewcastleCourantetc_0003.txt	I:\BL_TXTS\1820s\1828\05\1828.05.13_TheBristolMercury_0002.txt
403	682	697	I:\BL_TXTS\1820s\1828\05\1828.05.17_TheNewcastleCourantetc_0004.txt	I:\BL_TXTS\1820s\1828\05\1828.05.03_TheNewcastleCourantetc_0004.txt
235	390	396	I:\BL_TXTS\1820s\1828\05\1828.05.17_TheNewcastleCourantetc_0004.txt	I:\BL_TXTS\1820s\1828\05\1828.05.10_TheNewcastleCourantetc_0004.txt
202	273	275	I:\BL_TXTS\1820s\1828\05\1828.05.17_TheNewcastleCourantetc_0004.txt	I:\BL_TXTS\1820s\1828\05\1828.05.17_TheIpswichJournal_0001.txt
248	322	318	I:\BL_TXTS\1820s\1828\05\1828.05.17_TheNewcastleCourantetc_0004.txt	I:\BL_TXTS\1820s\1828\05\1828.05.17_TheIpswichJournal_0004.txt
220	274	276	I:\BL_TXTS\1820s\1828\05\1828.05.18_TheExaminer_0011.txt	I:\BL_TXTS\1820s\1828\05\1828.05.17_TheNewcastleCourantetc_0004.txt
338	434	432	I:\BL_TXTS\1820s\1828\05\1828.05.18_TheExaminer_0015.txt	I:\BL_TXTS\1820s\1828\05\1828.05.04_TheExaminer_0015.txt
595	828	831	I:\BL_TXTS\1820s\1828\05\1828.05.18_TheExaminer_0016.txt	I:\BL_TXTS\1820s\1828\05\1828.05.11_TheExaminer_0014.txt
302	466	461	I:\BL_TXTS\1820s\1828\05\1828.05.19_CaledonianMercury_0001.txt	I:\BL_TXTS\1820s\1828\05\1828.05.03_CaledonianMercury_0001.txt
246	411	413	I:\BL_TXTS\1820s\1828\05\1828.05.19_CaledonianMercury_0004.txt	I:\BL_TXTS\1820s\1828\05\1828.05.12_CaledonianMercury_0004.txt
365	569	570	I:\BL_TXTS\1820s\1828\05\1828.05.19_HampshireTelegraphandSussexChronicleetc_0001.txt	I:\BL_TXTS\1820s\1828\05\1828.05.05_HampshireTelegraphandSussexChronicleetc_0003.txt
223	334	335	I:\BL_TXTS\1820s\1828\05\1828.05.19_HampshireTelegraphandSussexChronicleetc_0001.txt	I:\BL_TXTS\1820s\1828\05\1828.05.10_TheIpswichJournal_0003.txt
366	583	617	I:\BL_TXTS\1820s\1828\05\1828.05.19_HampshireTelegraphandSussexChronicleetc_0001.txt	I:\BL_TXTS\1820s\1828\05\1828.05.12_HampshireTelegraphandSussexChronicleetc_0001.txt
208	313	317	I:\BL_TXTS\1820s\1828\05\1828.05.19_HampshireTelegraphandSussexChronicleetc_0001.txt	I:\BL_TXTS\1820s\1828\05\1828.05.17_TheIpswichJournal_0001.txt
342	439	435	I:\BL_TXTS\1820s\1828\05\1828.05.19_HampshireTelegraphandSussexChronicleetc_0001.txt	I:\BL_TXTS\1820s\1828\05\1828.05.17_TheNewcastleCourantetc_0001.txt
271	440	437	I:\BL_TXTS\1820s\1828\05\1828.05.19_HampshireTelegraphandSussexChronicleetc_0002.txt	I:\BL_TXTS\1820s\1828\05\1828.05.14_TheMorningChronicle_0001.txt
281	465	438	I:\BL_TXTS\1820s\1828\05\1828.05.19_HampshireTelegraphandSussexChronicleetc_0002.txt	I:\BL_TXTS\1820s\1828\05\1828.05.17_Cobbett'sWeeklyPoliticalRegister_0003.txt
406	678	641	I:\BL_TXTS\1820s\1828\05\1828.05.19_HampshireTelegraphandSussexChronicleetc_0002.txt	I:\BL_TXTS\1820s\1828\05\1828.05.17_TheNewcastleCourantetc_0002.txt
373	644	643	I:\BL_TXTS\1820s\1828\05\1828.05.19_TheMorningChronicle_0004.txt	I:\BL_TXTS\1820s\1828\05\1828.05.12_TheMorningChronicle_0004.txt
298	499	509	I:\BL_TXTS\1820s\1828\05\1828.05.20_TheBelfastNews-Letter_0001.txt	I:\BL_TXTS\1820s\1828\05\1828.05.06_TheBelfastNews-Letter_0001.txt
307	420	435	I:\BL_TXTS\1820s\1828\05\1828.05.20_TheBelfastNews-Letter_0001.txt	I:\BL_TXTS\1820s\1828\05\1828.05.13_TheBelfastNews-Letter_0001.txt
338	453	443	I:\BL_TXTS\1820s\1828\05\1828.05.20_TheBelfastNews-Letter_0003.txt	I:\BL_TXTS\1820s\1828\05\1828.05.06_TheBelfastNews-Letter_0003.txt
456	712	717	I:\BL_TXTS\1820s\1828\05\1828.05.20_TheBelfastNews-Letter_0003.txt	I:\BL_TXTS\1820s\1828\05\1828.05.09_TheBelfastNews-Letter_0001.txt
822	1139	1145	I:\BL_TXTS\1820s\1828\05\1828.05.20_TheBelfastNews-Letter_0003.txt	I:\BL_TXTS\1820s\1828\05\1828.05.13_TheBelfastNews-Letter_0003.txt
205	327	324	I:\BL_TXTS\1820s\1828\05\1828.05.20_TheBelfastNews-Letter_0003.txt	I:\BL_TXTS\1820s\1828\05\1828.05.16_LiverpoolMercuryetc_0005.txt
685	911	922	I:\BL_TXTS\1820s\1828\05\1828.05.20_TheBelfastNews-Letter_0003.txt	I:\BL_TXTS\1820s\1828\05\1828.05.16_TheBelfastNews-Letter_0003.txt
217	368	371	I:\BL_TXTS\1820s\1828\05\1828.05.20_TheBelfastNews-Letter_0004.txt	I:\BL_TXTS\1820s\1828\05\1828.05.06_TheBelfastNews-Letter_0004.txt
208	342	338	I:\BL_TXTS\1820s\1828\05\1828.05.20_TheBristolMercury_0001.txt	I:\BL_TXTS\1820s\1828\05\1828.05.17_Cobbett'sWeeklyPoliticalRegister_0002.txt
400	659	646	I:\BL_TXTS\1820s\1828\05\1828.05.20_TheBristolMercury_0001.txt	I:\BL_TXTS\1820s\1828\05\1828.05.17_TheIpswichJournal_0001.txt
283	472	470	I:\BL_TXTS\1820s\1828\05\1828.05.20_TheBristolMercury_0001.txt	I:\BL_TXTS\1820s\1828\05\1828.05.17_TheNewcastleCourantetc_0002.txt
333	470	483	I:\BL_TXTS\1820s\1828\05\1828.05.20_TheBristolMercury_0003.txt	I:\BL_TXTS\1820s\1828\05\1828.05.02_TheMorningChronicle_0004.txt
219	341	345	I:\BL_TXTS\1820s\1828\05\1828.05.20_TheBristolMercury_0004.txt	I:\BL_TXTS\1820s\1828\05\1828.05.06_TheBristolMercury_0004.txt
344	519	520	I:\BL_TXTS\1820s\1828\05\1828.05.20_TheBristolMercury_0004.txt	I:\BL_TXTS\1820s\1828\05\1828.05.13_TheBristolMercury_0004.txt
333	553	570	I:\BL_TXTS\1820s\1828\05\1828.05.20_TheBristolMercury_0004.txt	I:\BL_TXTS\1820s\1828\05\1828.05.14_TheMorningChronicle_0001.txt
207	286	272	I:\BL_TXTS\1820s\1828\05\1828.05.20_TheHullPacketandHumberMercury_0001.txt	I:\BL_TXTS\1820s\1828\05\1828.05.06_TheHullPacketandHumberMercury_0002.txt
290	419	410	I:\BL_TXTS\1820s\1828\05\1828.05.20_TheHullPacketandHumberMercury_0001.txt	I:\BL_TXTS\1820s\1828\05\1828.05.13_TheHullPacketandHumberMercury_0001.txt
443	556	546	I:\BL_TXTS\1820s\1828\05\1828.05.20_TheHullPacketandHumberMercury_0001.txt	I:\BL_TXTS\1820s\1828\05\1828.05.14_TheDerbyMercury_0002.txt
533	699	686	I:\BL_TXTS\1820s\1828\05\1828.05.20_TheHullPacketandHumberMercury_0001.txt	I:\BL_TXTS\1820s\1828\05\1828.05.16_TheBelfastNews-Letter_0002.txt
800	1120	1111	I:\BL_TXTS\1820s\1828\05\1828.05.20_TheHullPacketandHumberMercury_0001.txt	I:\BL_TXTS\1820s\1828\05\1828.05.17_TheLeedsMercury_0002.txt
236	328	316	I:\BL_TXTS\1820s\1828\05\1828.05.20_TheHullPacketandHumberMercury_0002.txt	I:\BL_TXTS\1820s\1828\05\1828.05.13_TheHullPacketandHumberMercury_0002.txt
317	439	444	I:\BL_TXTS\1820s\1828\05\1828.05.20_TheHullPacketandHumberMercury_0004.txt	I:\BL_TXTS\1820s\1828\05\1828.05.05_CaledonianMercury_0003.txt
272	423	419	I:\BL_TXTS\1820s\1828\05\1828.05.20_TheHullPacketandHumberMercury_0004.txt	I:\BL_TXTS\1820s\1828\05\1828.05.12_TheMorningChronicle_0003.txt
339	442	444	I:\BL_TXTS\1820s\1828\05\1828.05.20_TheHullPacketandHumberMercury_0004.txt	I:\BL_TXTS\1820s\1828\05\1828.05.13_TheBelfastNews-Letter_0002.txt
299	465	436	I:\BL_TXTS\1820s\1828\05\1828.05.20_TheHullPacketandHumberMercury_0004.txt	I:\BL_TXTS\1820s\1828\05\1828.05.13_TheBristolMercury_0002.txt
451	593	566	I:\BL_TXTS\1820s\1828\05\1828.05.20_TheHullPacketandHumberMercury_0004.txt	I:\BL_TXTS\1820s\1828\05\1828.05.15_TheMorningChronicle_0003.txt
255	382	378	I:\BL_TXTS\1820s\1828\05\1828.05.20_TheHullPacketandHumberMercury_0004.txt	I:\BL_TXTS\1820s\1828\05\1828.05.17_TheIpswichJournal_0002.txt
340	560	564	I:\BL_TXTS\1820s\1828\05\1828.05.20_TheMorningChronicle_0001.txt	I:\BL_TXTS\1820s\1828\05\1828.05.15_TheMorningChronicle_0004.txt
295	524	524	I:\BL_TXTS\1820s\1828\05\1828.05.20_TheMorningChronicle_0001.txt	I:\BL_TXTS\1820s\1828\05\1828.05.16_TheMorningChronicle_0001.txt
214	273	279	I:\BL_TXTS\1820s\1828\05\1828.05.20_TheMorningChronicle_0003.txt	I:\BL_TXTS\1820s\1828\05\1828.05.20_TheMorningChronicle_0002.txt
204	382	371	I:\BL_TXTS\1820s\1828\05\1828.05.20_TheMorningChronicle_0004.txt	I:\BL_TXTS\1820s\1828\05\1828.05.06_TheMorningChronicle_0004.txt
229	361	359	I:\BL_TXTS\1820s\1828\05\1828.05.21_TheAberdeenJournal_0001.txt	I:\BL_TXTS\1820s\1828\05\1828.05.14_TheAberdeenJournal_0001.txt
270	455	440	I:\BL_TXTS\1820s\1828\05\1828.05.21_TheAberdeenJournal_0002.txt	I:\BL_TXTS\1820s\1828\05\1828.05.14_TheDerbyMercury_0002.txt
241	361	334	I:\BL_TXTS\1820s\1828\05\1828.05.21_TheAberdeenJournal_0002.txt	I:\BL_TXTS\1820s\1828\05\1828.05.17_Cobbett'sWeeklyPoliticalRegister_0002.txt
288	483	457	I:\BL_TXTS\1820s\1828\05\1828.05.21_TheAberdeenJournal_0002.txt	I:\BL_TXTS\1820s\1828\05\1828.05.17_TheIpswichJournal_0001.txt
277	420	395	I:\BL_TXTS\1820s\1828\05\1828.05.21_TheAberdeenJournal_0002.txt	I:\BL_TXTS\1820s\1828\05\1828.05.17_TheNewcastleCourantetc_0002.txt
484	627	634	I:\BL_TXTS\1820s\1828\05\1828.05.21_TheDerbyMercury_0001.txt	I:\BL_TXTS\1820s\1828\05\1828.05.07_TheDerbyMercury_0001.txt
323	404	400	I:\BL_TXTS\1820s\1828\05\1828.05.21_TheDerbyMercury_0001.txt	I:\BL_TXTS\1820s\1828\05\1828.05.07_TheDerbyMercury_0003.txt
563	741	740	I:\BL_TXTS\1820s\1828\05\1828.05.21_TheDerbyMercury_0001.txt	I:\BL_TXTS\1820s\1828\05\1828.05.14_TheDerbyMercury_0001.txt
354	442	452	I:\BL_TXTS\1820s\1828\05\1828.05.21_TheDerbyMercury_0001.txt	I:\BL_TXTS\1820s\1828\05\1828.05.14_TheDerbyMercury_0002.txt
793	1119	1085	I:\BL_TXTS\1820s\1828\05\1828.05.21_TheDerbyMercury_0001.txt	I:\BL_TXTS\1820s\1828\05\1828.05.20_TheHullPacketandHumberMercury_0001.txt
275	375	382	I:\BL_TXTS\1820s\1828\05\1828.05.21_TheDerbyMercury_0001.txt	I:\BL_TXTS\1820s\1828\05\1828.05.20_TheHullPacketandHumberMercury_0004.txt
204	302	306	I:\BL_TXTS\1820s\1828\05\1828.05.21_TheDerbyMercury_0002.txt	I:\BL_TXTS\1820s\1828\05\1828.05.07_TheDerbyMercury_0001.txt
291	427	414	I:\BL_TXTS\1820s\1828\05\1828.05.21_TheDerbyMercury_0002.txt	I:\BL_TXTS\1820s\1828\05\1828.05.07_TheDerbyMercury_0002.txt
254	346	346	I:\BL_TXTS\1820s\1828\05\1828.05.21_TheDerbyMercury_0002.txt	I:\BL_TXTS\1820s\1828\05\1828.05.07_TheDerbyMercury_0003.txt
305	418	429	I:\BL_TXTS\1820s\1828\05\1828.05.21_TheDerbyMercury_0002.txt	I:\BL_TXTS\1820s\1828\05\1828.05.14_TheDerbyMercury_0001.txt
578	811	794	I:\BL_TXTS\1820s\1828\05\1828.05.21_TheDerbyMercury_0002.txt	I:\BL_TXTS\1820s\1828\05\1828.05.14_TheDerbyMercury_0002.txt
893	1372	1319	I:\BL_TXTS\1820s\1828\05\1828.05.21_TheDerbyMercury_0002.txt	I:\BL_TXTS\1820s\1828\05\1828.05.19_TheMorningChronicle_0002.txt
471	705	700	I:\BL_TXTS\1820s\1828\05\1828.05.21_TheDerbyMercury_0003.txt	I:\BL_TXTS\1820s\1828\05\1828.05.07_TheDerbyMercury_0001.txt
424	602	591	I:\BL_TXTS\1820s\1828\05\1828.05.21_TheDerbyMercury_0003.txt	I:\BL_TXTS\1820s\1828\05\1828.05.07_TheDerbyMercury_0003.txt
425	600	590	I:\BL_TXTS\1820s\1828\05\1828.05.21_TheDerbyMercury_0003.txt	I:\BL_TXTS\1820s\1828\05\1828.05.14_TheDerbyMercury_0001.txt
399	569	580	I:\BL_TXTS\1820s\1828\05\1828.05.21_TheDerbyMercury_0003.txt	I:\BL_TXTS\1820s\1828\05\1828.05.14_TheDerbyMercury_0003.txt
553	723	727	I:\BL_TXTS\1820s\1828\05\1828.05.21_TheDerbyMercury_0004.txt	I:\BL_TXTS\1820s\1828\05\1828.05.13_TheHullPacketandHumberMercury_0004.txt
234	361	360	I:\BL_TXTS\1820s\1828\05\1828.05.21_TheDerbyMercury_0004.txt	I:\BL_TXTS\1820s\1828\05\1828.05.14_TheDerbyMercury_0004.txt
290	396	384	I:\BL_TXTS\1820s\1828\05\1828.05.21_TheDerbyMercury_0004.txt	I:\BL_TXTS\1820s\1828\05\1828.05.16_TheMorningChronicle_0003.txt
805	1090	1060	I:\BL_TXTS\1820s\1828\05\1828.05.22_CaledonianMercury_0002.txt	I:\BL_TXTS\1820s\1828\05\1828.05.19_TheMorningChronicle_0002.txt
555	878	869	I:\BL_TXTS\1820s\1828\05\1828.05.22_CaledonianMercury_0002.txt	I:\BL_TXTS\1820s\1828\05\1828.05.21_TheDerbyMercury_0002.txt
299	453	445	I:\BL_TXTS\1820s\1828\05\1828.05.22_NorthWalesChronicle_0004.txt	I:\BL_TXTS\1820s\1828\05\1828.05.21_TheDerbyMercury_0001.txt
329	501	523	I:\BL_TXTS\1820s\1828\05\1828.05.22_TheMorningChronicle_0004.txt	I:\BL_TXTS\1820s\1828\05\1828.05.01_TheMorningChronicle_0004.txt
466	801	805	I:\BL_TXTS\1820s\1828\05\1828.05.22_TheMorningChronicle_0004.txt	I:\BL_TXTS\1820s\1828\05\1828.05.15_TheMorningChronicle_0004.txt
224	416	438	I:\BL_TXTS\1820s\1828\05\1828.05.22_TheMorningChronicle_0004.txt	I:\BL_TXTS\1820s\1828\05\1828.05.19_TheMorningChronicle_0004.txt
292	440	453	I:\BL_TXTS\1820s\1828\05\1828.05.22_Trewman'sExeterFlyingPostorPlymouthandCornishAdvertiser_0001.txt	I:\BL_TXTS\1820s\1828\05\1828.05.15_NorthWalesChronicle_0002.txt
253	317	334	I:\BL_TXTS\1820s\1828\05\1828.05.22_Trewman'sExeterFlyingPostorPlymouthandCornishAdvertiser_0001.txt	I:\BL_TXTS\1820s\1828\05\1828.05.21_TheDerbyMercury_0004.txt
423	688	689	I:\BL_TXTS\1820s\1828\05\1828.05.23_LiverpoolMercuryetc_0004.txt	I:\BL_TXTS\1820s\1828\05\1828.05.02_LiverpoolMercuryetc_0004.txt
551	864	857	I:\BL_TXTS\1820s\1828\05\1828.05.23_LiverpoolMercuryetc_0004.txt	I:\BL_TXTS\1820s\1828\05\1828.05.09_LiverpoolMercuryetc_0004.txt
224	337	344	I:\BL_TXTS\1820s\1828\05\1828.05.23_LiverpoolMercuryetc_0004.txt	I:\BL_TXTS\1820s\1828\05\1828.05.09_LiverpoolMercuryetc_0005.txt
630	962	975	I:\BL_TXTS\1820s\1828\05\1828.05.23_LiverpoolMercuryetc_0004.txt	I:\BL_TXTS\1820s\1828\05\1828.05.16_LiverpoolMercuryetc_0004.txt
249	414	412	I:\BL_TXTS\1820s\1828\05\1828.05.23_LiverpoolMercuryetc_0005.txt	I:\BL_TXTS\1820s\1828\05\1828.05.02_LiverpoolMercuryetc_0005.txt
252	387	396	I:\BL_TXTS\1820s\1828\05\1828.05.23_LiverpoolMercuryetc_0005.txt	I:\BL_TXTS\1820s\1828\05\1828.05.09_LiverpoolMercuryetc_0005.txt
360	564	552	I:\BL_TXTS\1820s\1828\05\1828.05.23_LiverpoolMercuryetc_0005.txt	I:\BL_TXTS\1820s\1828\05\1828.05.16_LiverpoolMercuryetc_0005.txt
205	343	334	I:\BL_TXTS\1820s\1828\05\1828.05.23_LiverpoolMercuryetc_0007.txt	I:\BL_TXTS\1820s\1828\05\1828.05.09_LiverpoolMercuryetc_0007.txt
260	388	382	I:\BL_TXTS\1820s\1828\05\1828.05.23_TheBelfastNews-Letter_0001.txt	I:\BL_TXTS\1820s\1828\05\1828.05.09_TheBelfastNews-Letter_0001.txt
467	726	739	I:\BL_TXTS\1820s\1828\05\1828.05.23_TheBelfastNews-Letter_0001.txt	I:\BL_TXTS\1820s\1828\05\1828.05.19_CaledonianMercury_0004.txt
273	381	409	I:\BL_TXTS\1820s\1828\05\1828.05.23_TheBelfastNews-Letter_0002.txt	I:\BL_TXTS\1820s\1828\05\1828.05.22_NorthWalesChronicle_0002.txt
224	320	317	I:\BL_TXTS\1820s\1828\05\1828.05.23_TheBelfastNews-Letter_0003.txt	I:\BL_TXTS\1820s\1828\05\1828.05.06_TheBelfastNews-Letter_0003.txt
241	362	369	I:\BL_TXTS\1820s\1828\05\1828.05.23_TheBelfastNews-Letter_0003.txt	I:\BL_TXTS\1820s\1828\05\1828.05.09_TheBelfastNews-Letter_0003.txt
862	1155	1148	I:\BL_TXTS\1820s\1828\05\1828.05.23_TheBelfastNews-Letter_0003.txt	I:\BL_TXTS\1820s\1828\05\1828.05.13_TheBelfastNews-Letter_0003.txt
524	731	726	I:\BL_TXTS\1820s\1828\05\1828.05.23_TheBelfastNews-Letter_0003.txt	I:\BL_TXTS\1820s\1828\05\1828.05.16_TheBelfastNews-Letter_0003.txt
485	683	671	I:\BL_TXTS\1820s\1828\05\1828.05.23_TheBelfastNews-Letter_0003.txt	I:\BL_TXTS\1820s\1828\05\1828.05.20_TheBelfastNews-Letter_0003.txt
494	800	814	I:\BL_TXTS\1820s\1828\05\1828.05.23_TheBelfastNews-Letter_0004.txt	I:\BL_TXTS\1820s\1828\05\1828.05.02_TheBelfastNews-Letter_0004.txt
551	872	880	I:\BL_TXTS\1820s\1828\05\1828.05.23_TheBelfastNews-Letter_0004.txt	I:\BL_TXTS\1820s\1828\05\1828.05.09_TheBelfastNews-Letter_0004.txt
447	713	712	I:\BL_TXTS\1820s\1828\05\1828.05.23_TheBelfastNews-Letter_0004.txt	I:\BL_TXTS\1820s\1828\05\1828.05.16_TheBelfastNews-Letter_0004.txt
276	495	486	I:\BL_TXTS\1820s\1828\05\1828.05.24_CaledonianMercury_0001.txt	I:\BL_TXTS\1820s\1828\05\1828.05.03_CaledonianMercury_0001.txt
219	381	388	I:\BL_TXTS\1820s\1828\05\1828.05.24_CaledonianMercury_0001.txt	I:\BL_TXTS\1820s\1828\05\1828.05.17_CaledonianMercury_0001.txt
244	397	396	I:\BL_TXTS\1820s\1828\05\1828.05.24_CaledonianMercury_0004.txt	I:\BL_TXTS\1820s\1828\05\1828.05.17_TheMorningChronicle_0003.txt
351	580	557	I:\BL_TXTS\1820s\1828\05\1828.05.24_CaledonianMercury_0004.txt	I:\BL_TXTS\1820s\1828\05\1828.05.20_TheMorningChronicle_0003.txt
288	399	384	I:\BL_TXTS\1820s\1828\05\1828.05.24_Cobbett'sWeeklyPoliticalRegister_0002.txt	I:\BL_TXTS\1820s\1828\05\1828.05.19_TheMorningChronicle_0002.txt
520	688	671	I:\BL_TXTS\1820s\1828\05\1828.05.24_Cobbett'sWeeklyPoliticalRegister_0003.txt	I:\BL_TXTS\1820s\1828\05\1828.05.19_TheMorningChronicle_0002.txt
221	277	273	I:\BL_TXTS\1820s\1828\05\1828.05.24_Cobbett'sWeeklyPoliticalRegister_0004.txt	I:\BL_TXTS\1820s\1828\05\1828.05.19_TheMorningChronicle_0002.txt
211	273	260	I:\BL_TXTS\1820s\1828\05\1828.05.24_Cobbett'sWeeklyPoliticalRegister_0007.txt	I:\BL_TXTS\1820s\1828\05\1828.05.19_TheMorningChronicle_0002.txt
224	365	367	I:\BL_TXTS\1820s\1828\05\1828.05.24_TheIpswichJournal_0001.txt	I:\BL_TXTS\1820s\1828\05\1828.05.03_TheIpswichJournal_0001.txt
211	320	325	I:\BL_TXTS\1820s\1828\05\1828.05.24_TheIpswichJournal_0001.txt	I:\BL_TXTS\1820s\1828\05\1828.05.10_TheIpswichJournal_0001.txt
602	927	926	I:\BL_TXTS\1820s\1828\05\1828.05.24_TheIpswichJournal_0001.txt	I:\BL_TXTS\1820s\1828\05\1828.05.17_TheIpswichJournal_0001.txt
299	484	487	I:\BL_TXTS\1820s\1828\05\1828.05.24_TheIpswichJournal_0004.txt	I:\BL_TXTS\1820s\1828\05\1828.05.03_TheIpswichJournal_0004.txt
259	441	445	I:\BL_TXTS\1820s\1828\05\1828.05.24_TheIpswichJournal_0004.txt	I:\BL_TXTS\1820s\1828\05\1828.05.10_TheIpswichJournal_0004.txt
352	571	587	I:\BL_TXTS\1820s\1828\05\1828.05.24_TheIpswichJournal_0004.txt	I:\BL_TXTS\1820s\1828\05\1828.05.17_TheIpswichJournal_0004.txt
335	457	482	I:\BL_TXTS\1820s\1828\05\1828.05.24_TheIpswichJournal_0004.txt	I:\BL_TXTS\1820s\1828\05\1828.05.19_TheMorningChronicle_0003.txt
303	556	525	I:\BL_TXTS\1820s\1828\05\1828.05.24_TheLeedsMercury_0003.txt	I:\BL_TXTS\1820s\1828\05\1828.05.20_TheMorningChronicle_0004.txt
349	464	470	I:\BL_TXTS\1820s\1828\05\1828.05.24_TheNewcastleCourantetc_0001.txt	I:\BL_TXTS\1820s\1828\05\1828.05.03_TheNewcastleCourantetc_0001.txt
488	666	668	I:\BL_TXTS\1820s\1828\05\1828.05.24_TheNewcastleCourantetc_0001.txt	I:\BL_TXTS\1820s\1828\05\1828.05.10_TheNewcastleCourantetc_0001.txt
390	494	501	I:\BL_TXTS\1820s\1828\05\1828.05.24_TheNewcastleCourantetc_0001.txt	I:\BL_TXTS\1820s\1828\05\1828.05.17_TheNewcastleCourantetc_0001.txt
1011	1235	1229	I:\BL_TXTS\1820s\1828\05\1828.05.24_TheNewcastleCourantetc_0002.txt	I:\BL_TXTS\1820s\1828\05\1828.05.16_TheMorningChronicle_0002.txt
373	593	623	I:\BL_TXTS\1820s\1828\05\1828.05.24_TheNewcastleCourantetc_0002.txt	I:\BL_TXTS\1820s\1828\05\1828.05.17_TheMorningChronicle_0003.txt
304	362	372	I:\BL_TXTS\1820s\1828\05\1828.05.24_TheNewcastleCourantetc_0002.txt	I:\BL_TXTS\1820s\1828\05\1828.05.20_TheHullPacketandHumberMercury_0001.txt
435	552	572	I:\BL_TXTS\1820s\1828\05\1828.05.24_TheNewcastleCourantetc_0002.txt	I:\BL_TXTS\1820s\1828\05\1828.05.20_TheHullPacketandHumberMercury_0003.txt
536	679	690	I:\BL_TXTS\1820s\1828\05\1828.05.24_TheNewcastleCourantetc_0003.txt	I:\BL_TXTS\1820s\1828\05\1828.05.03_TheNewcastleCourantetc_0001.txt
512	918	911	I:\BL_TXTS\1820s\1828\05\1828.05.24_TheNewcastleCourantetc_0003.txt	I:\BL_TXTS\1820s\1828\05\1828.05.03_TheNewcastleCourantetc_0002.txt
664	918	933	I:\BL_TXTS\1820s\1828\05\1828.05.24_TheNewcastleCourantetc_0003.txt	I:\BL_TXTS\1820s\1828\05\1828.05.03_TheNewcastleCourantetc_0003.txt
1169	1870	1882	I:\BL_TXTS\1820s\1828\05\1828.05.24_TheNewcastleCourantetc_0003.txt	I:\BL_TXTS\1820s\1828\05\1828.05.10_TheNewcastleCourantetc_0003.txt
1912	2441	2485	I:\BL_TXTS\1820s\1828\05\1828.05.24_TheNewcastleCourantetc_0003.txt	I:\BL_TXTS\1820s\1828\05\1828.05.17_TheNewcastleCourantetc_0001.txt
917	1473	1475	I:\BL_TXTS\1820s\1828\05\1828.05.24_TheNewcastleCourantetc_0003.txt	I:\BL_TXTS\1820s\1828\05\1828.05.17_TheNewcastleCourantetc_0003.txt
388	604	602	I:\BL_TXTS\1820s\1828\05\1828.05.24_TheNewcastleCourantetc_0004.txt	I:\BL_TXTS\1820s\1828\05\1828.05.03_TheNewcastleCourantetc_0004.txt
333	546	539	I:\BL_TXTS\1820s\1828\05\1828.05.24_TheNewcastleCourantetc_0004.txt	I:\BL_TXTS\1820s\1828\05\1828.05.10_TheNewcastleCourantetc_0004.txt
399	672	653	I:\BL_TXTS\1820s\1828\05\1828.05.24_TheNewcastleCourantetc_0004.txt	I:\BL_TXTS\1820s\1828\05\1828.05.17_TheNewcastleCourantetc_0004.txt
292	322	326	I:\BL_TXTS\1820s\1828\05\1828.05.25_TheExaminer_0003.txt	I:\BL_TXTS\1820s\1828\05\1828.05.19_TheMorningChronicle_0002.txt
235	244	255	I:\BL_TXTS\1820s\1828\05\1828.05.25_TheExaminer_0009.txt	I:\BL_TXTS\1820s\1828\05\1828.05.21_TheMorningChronicle_0003.txt
397	562	566	I:\BL_TXTS\1820s\1828\05\1828.05.25_TheExaminer_0010.txt	I:\BL_TXTS\1820s\1828\05\1828.05.22_TheMorningChronicle_0003.txt
258	335	341	I:\BL_TXTS\1820s\1828\05\1828.05.25_TheExaminer_0011.txt	I:\BL_TXTS\1820s\1828\05\1828.05.21_TheMorningChronicle_0004.txt
417	574	588	I:\BL_TXTS\1820s\1828\05\1828.05.25_TheExaminer_0011.txt	I:\BL_TXTS\1820s\1828\05\1828.05.22_TheMorningChronicle_0004.txt
473	555	564	I:\BL_TXTS\1820s\1828\05\1828.05.25_TheExaminer_0012.txt	I:\BL_TXTS\1820s\1828\05\1828.05.21_TheMorningChronicle_0004.txt
317	432	433	I:\BL_TXTS\1820s\1828\05\1828.05.25_TheExaminer_0014.txt	I:\BL_TXTS\1820s\1828\05\1828.05.11_TheExaminer_0014.txt
363	449	452	I:\BL_TXTS\1820s\1828\05\1828.05.25_TheExaminer_0014.txt	I:\BL_TXTS\1820s\1828\05\1828.05.18_TheExaminer_0015.txt
205	280	284	I:\BL_TXTS\1820s\1828\05\1828.05.25_TheExaminer_0015.txt	I:\BL_TXTS\1820s\1828\05\1828.05.04_TheExaminer_0014.txt
277	412	405	I:\BL_TXTS\1820s\1828\05\1828.05.25_TheExaminer_0015.txt	I:\BL_TXTS\1820s\1828\05\1828.05.11_TheExaminer_0015.txt
249	441	415	I:\BL_TXTS\1820s\1828\05\1828.05.26_CaledonianMercury_0004.txt	I:\BL_TXTS\1820s\1828\05\1828.05.12_CaledonianMercury_0004.txt
302	516	510	I:\BL_TXTS\1820s\1828\05\1828.05.26_CaledonianMercury_0004.txt	I:\BL_TXTS\1820s\1828\05\1828.05.19_CaledonianMercury_0004.txt
238	384	379	I:\BL_TXTS\1820s\1828\05\1828.05.26_HampshireTelegraphandSussexChronicleetc_0002.txt	I:\BL_TXTS\1820s\1828\05\1828.05.21_TheMorningChronicle_0003.txt
298	499	495	I:\BL_TXTS\1820s\1828\05\1828.05.27_TheBelfastNews-Letter_0001.txt	I:\BL_TXTS\1820s\1828\05\1828.05.09_TheBelfastNews-Letter_0001.txt
361	508	529	I:\BL_TXTS\1820s\1828\05\1828.05.27_TheBelfastNews-Letter_0001.txt	I:\BL_TXTS\1820s\1828\05\1828.05.13_TheBelfastNews-Letter_0001.txt
361	558	557	I:\BL_TXTS\1820s\1828\05\1828.05.27_TheBelfastNews-Letter_0001.txt	I:\BL_TXTS\1820s\1828\05\1828.05.20_TheBelfastNews-Letter_0003.txt
351	525	520	I:\BL_TXTS\1820s\1828\05\1828.05.27_TheBelfastNews-Letter_0003.txt	I:\BL_TXTS\1820s\1828\05\1828.05.13_TheBelfastNews-Letter_0003.txt
424	597	606	I:\BL_TXTS\1820s\1828\05\1828.05.27_TheBelfastNews-Letter_0003.txt	I:\BL_TXTS\1820s\1828\05\1828.05.20_TheBelfastNews-Letter_0003.txt
443	648	663	I:\BL_TXTS\1820s\1828\05\1828.05.27_TheBelfastNews-Letter_0003.txt	I:\BL_TXTS\1820s\1828\05\1828.05.23_TheBelfastNews-Letter_0003.txt
252	404	407	I:\BL_TXTS\1820s\1828\05\1828.05.27_TheBelfastNews-Letter_0004.txt	I:\BL_TXTS\1820s\1828\05\1828.05.06_TheBelfastNews-Letter_0004.txt
266	415	408	I:\BL_TXTS\1820s\1828\05\1828.05.27_TheBelfastNews-Letter_0004.txt	I:\BL_TXTS\1820s\1828\05\1828.05.24_TheIpswichJournal_0004.txt
237	312	317	I:\BL_TXTS\1820s\1828\05\1828.05.27_TheBristolMercury_0001.txt	I:\BL_TXTS\1820s\1828\05\1828.05.19_TheMorningChronicle_0002.txt
433	680	688	I:\BL_TXTS\1820s\1828\05\1828.05.27_TheBristolMercury_0001.txt	I:\BL_TXTS\1820s\1828\05\1828.05.20_TheMorningChronicle_0001.txt
226	290	308	I:\BL_TXTS\1820s\1828\05\1828.05.27_TheBristolMercury_0001.txt	I:\BL_TXTS\1820s\1828\05\1828.05.22_CaledonianMercury_0002.txt
285	409	411	I:\BL_TXTS\1820s\1828\05\1828.05.27_TheBristolMercury_0001.txt	I:\BL_TXTS\1820s\1828\05\1828.05.24_TheNewcastleCourantetc_0004.txt
207	318	340	I:\BL_TXTS\1820s\1828\05\1828.05.27_TheBristolMercury_0004.txt	I:\BL_TXTS\1820s\1828\05\1828.05.06_TheBristolMercury_0004.txt
358	537	520	I:\BL_TXTS\1820s\1828\05\1828.05.27_TheBristolMercury_0004.txt	I:\BL_TXTS\1820s\1828\05\1828.05.13_TheBristolMercury_0004.txt
336	533	536	I:\BL_TXTS\1820s\1828\05\1828.05.27_TheBristolMercury_0004.txt	I:\BL_TXTS\1820s\1828\05\1828.05.20_TheBristolMercury_0004.txt
331	417	435	I:\BL_TXTS\1820s\1828\05\1828.05.27_TheBristolMercury_0004.txt	I:\BL_TXTS\1820s\1828\05\1828.05.20_TheHullPacketandHumberMercury_0004.txt
228	303	309	I:\BL_TXTS\1820s\1828\05\1828.05.27_TheBristolMercury_0004.txt	I:\BL_TXTS\1820s\1828\05\1828.05.21_TheMorningChronicle_0003.txt
273	390	399	I:\BL_TXTS\1820s\1828\05\1828.05.27_TheBristolMercury_0004.txt	I:\BL_TXTS\1820s\1828\05\1828.05.23_TheMorningChronicle_0004.txt
204	260	250	I:\BL_TXTS\1820s\1828\05\1828.05.27_TheBristolMercury_0004.txt	I:\BL_TXTS\1820s\1828\05\1828.05.25_TheExaminer_0009.txt
332	463	461	I:\BL_TXTS\1820s\1828\05\1828.05.27_TheHullPacketandHumberMercury_0001.txt	I:\BL_TXTS\1820s\1828\05\1828.05.20_TheHullPacketandHumberMercury_0001.txt
234	355	351	I:\BL_TXTS\1820s\1828\05\1828.05.27_TheHullPacketandHumberMercury_0001.txt	I:\BL_TXTS\1820s\1828\05\1828.05.22_NorthWalesChronicle_0002.txt
206	293	287	I:\BL_TXTS\1820s\1828\05\1828.05.27_TheHullPacketandHumberMercury_0001.txt	I:\BL_TXTS\1820s\1828\05\1828.05.23_TheBelfastNews-Letter_0002.txt
369	494	488	I:\BL_TXTS\1820s\1828\05\1828.05.27_TheHullPacketandHumberMercury_0001.txt	I:\BL_TXTS\1820s\1828\05\1828.05.24_TheIpswichJournal_0004.txt
371	511	506	I:\BL_TXTS\1820s\1828\05\1828.05.27_TheHullPacketandHumberMercury_0001.txt	I:\BL_TXTS\1820s\1828\05\1828.05.27_TheBristolMercury_0004.txt
266	374	357	I:\BL_TXTS\1820s\1828\05\1828.05.27_TheHullPacketandHumberMercury_0002.txt	I:\BL_TXTS\1820s\1828\05\1828.05.19_TheMorningChronicle_0002.txt
650	766	791	I:\BL_TXTS\1820s\1828\05\1828.05.27_TheHullPacketandHumberMercury_0002.txt	I:\BL_TXTS\1820s\1828\05\1828.05.20_TheHullPacketandHumberMercury_0002.txt
510	760	755	I:\BL_TXTS\1820s\1828\05\1828.05.27_TheHullPacketandHumberMercury_0004.txt	I:\BL_TXTS\1820s\1828\05\1828.05.12_TheMorningChronicle_0003.txt
223	354	349	I:\BL_TXTS\1820s\1828\05\1828.05.27_TheHullPacketandHumberMercury_0004.txt	I:\BL_TXTS\1820s\1828\05\1828.05.22_TheMorningChronicle_0002.txt
328	485	477	I:\BL_TXTS\1820s\1828\05\1828.05.27_TheHullPacketandHumberMercury_0004.txt	I:\BL_TXTS\1820s\1828\05\1828.05.22_TheMorningChronicle_0003.txt
444	550	530	I:\BL_TXTS\1820s\1828\05\1828.05.27_TheHullPacketandHumberMercury_0004.txt	I:\BL_TXTS\1820s\1828\05\1828.05.25_TheExaminer_0010.txt
225	338	335	I:\BL_TXTS\1820s\1828\05\1828.05.27_TheHullPacketandHumberMercury_0004.txt	I:\BL_TXTS\1820s\1828\05\1828.05.27_TheBristolMercury_0004.txt
223	313	314	I:\BL_TXTS\1820s\1828\05\1828.05.27_TheMorningChronicle_0001.txt	I:\BL_TXTS\1820s\1828\05\1828.05.26_TheMorningChronicle_0002.txt
222	382	383	I:\BL_TXTS\1820s\1828\05\1828.05.27_TheMorningChronicle_0004.txt	I:\BL_TXTS\1820s\1828\05\1828.05.20_TheMorningChronicle_0004.txt
210	351	351	I:\BL_TXTS\1820s\1828\05\1828.05.28_TheAberdeenJournal_0001.txt	I:\BL_TXTS\1820s\1828\05\1828.05.07_TheAberdeenJournal_0004.txt
492	747	748	I:\BL_TXTS\1820s\1828\05\1828.05.28_TheAberdeenJournal_0001.txt	I:\BL_TXTS\1820s\1828\05\1828.05.14_TheAberdeenJournal_0001.txt
430	659	649	I:\BL_TXTS\1820s\1828\05\1828.05.28_TheAberdeenJournal_0001.txt	I:\BL_TXTS\1820s\1828\05\1828.05.21_TheAberdeenJournal_0001.txt
457	672	675	I:\BL_TXTS\1820s\1828\05\1828.05.28_TheAberdeenJournal_0001.txt	I:\BL_TXTS\1820s\1828\05\1828.05.21_TheAberdeenJournal_0002.txt
237	375	387	I:\BL_TXTS\1820s\1828\05\1828.05.28_TheAberdeenJournal_0001.txt	I:\BL_TXTS\1820s\1828\05\1828.05.21_TheAberdeenJournal_0003.txt
218	316	298	I:\BL_TXTS\1820s\1828\05\1828.05.28_TheAberdeenJournal_0004.txt	I:\BL_TXTS\1820s\1828\05\1828.05.24_TheNewcastleCourantetc_0004.txt
681	894	910	I:\BL_TXTS\1820s\1828\05\1828.05.28_TheDerbyMercury_0001.txt	I:\BL_TXTS\1820s\1828\05\1828.05.07_TheDerbyMercury_0001.txt
244	361	356	I:\BL_TXTS\1820s\1828\05\1828.05.28_TheDerbyMercury_0001.txt	I:\BL_TXTS\1820s\1828\05\1828.05.07_TheDerbyMercury_0003.txt
660	908	913	I:\BL_TXTS\1820s\1828\05\1828.05.28_TheDerbyMercury_0001.txt	I:\BL_TXTS\1820s\1828\05\1828.05.14_TheDerbyMercury_0001.txt
282	362	380	I:\BL_TXTS\1820s\1828\05\1828.05.28_TheDerbyMercury_0001.txt	I:\BL_TXTS\1820s\1828\05\1828.05.14_TheDerbyMercury_0002.txt
584	794	793	I:\BL_TXTS\1820s\1828\05\1828.05.28_TheDerbyMercury_0001.txt	I:\BL_TXTS\1820s\1828\05\1828.05.21_TheDerbyMercury_0001.txt
389	550	577	I:\BL_TXTS\1820s\1828\05\1828.05.28_TheDerbyMercury_0001.txt	I:\BL_TXTS\1820s\1828\05\1828.05.21_TheDerbyMercury_0003.txt
498	824	818	I:\BL_TXTS\1820s\1828\05\1828.05.28_TheDerbyMercury_0001.txt	I:\BL_TXTS\1820s\1828\05\1828.05.26_CaledonianMercury_0002.txt
579	850	806	I:\BL_TXTS\1820s\1828\05\1828.05.28_TheDerbyMercury_0001.txt	I:\BL_TXTS\1820s\1828\05\1828.05.27_TheHullPacketandHumberMercury_0001.txt
608	846	837	I:\BL_TXTS\1820s\1828\05\1828.05.28_TheDerbyMercury_0002.txt	I:\BL_TXTS\1820s\1828\05\1828.05.07_TheDerbyMercury_0002.txt
258	364	355	I:\BL_TXTS\1820s\1828\05\1828.05.28_TheDerbyMercury_0002.txt	I:\BL_TXTS\1820s\1828\05\1828.05.07_TheDerbyMercury_0003.txt
658	876	836	I:\BL_TXTS\1820s\1828\05\1828.05.28_TheDerbyMercury_0002.txt	I:\BL_TXTS\1820s\1828\05\1828.05.14_TheDerbyMercury_0001.txt
322	448	444	I:\BL_TXTS\1820s\1828\05\1828.05.28_TheDerbyMercury_0002.txt	I:\BL_TXTS\1820s\1828\05\1828.05.14_TheDerbyMercury_0002.txt
845	1098	1111	I:\BL_TXTS\1820s\1828\05\1828.05.28_TheDerbyMercury_0002.txt	I:\BL_TXTS\1820s\1828\05\1828.05.21_TheDerbyMercury_0001.txt
480	668	657	I:\BL_TXTS\1820s\1828\05\1828.05.28_TheDerbyMercury_0002.txt	I:\BL_TXTS\1820s\1828\05\1828.05.21_TheDerbyMercury_0002.txt
238	352	337	I:\BL_TXTS\1820s\1828\05\1828.05.28_TheDerbyMercury_0003.txt	I:\BL_TXTS\1820s\1828\05\1828.05.07_TheDerbyMercury_0003.txt
209	307	294	I:\BL_TXTS\1820s\1828\05\1828.05.28_TheDerbyMercury_0003.txt	I:\BL_TXTS\1820s\1828\05\1828.05.14_TheDerbyMercury_0003.txt
279	439	438	I:\BL_TXTS\1820s\1828\05\1828.05.28_TheDerbyMercury_0004.txt	I:\BL_TXTS\1820s\1828\05\1828.05.14_TheDerbyMercury_0004.txt
337	510	503	I:\BL_TXTS\1820s\1828\05\1828.05.28_TheDerbyMercury_0004.txt	I:\BL_TXTS\1820s\1828\05\1828.05.23_TheMorningChronicle_0003.txt
304	469	467	I:\BL_TXTS\1820s\1828\05\1828.05.28_TheDerbyMercury_0004.txt	I:\BL_TXTS\1820s\1828\05\1828.05.24_TheMorningChronicle_0004.txt
204	288	276	I:\BL_TXTS\1820s\1828\05\1828.05.28_TheDerbyMercury_0004.txt	I:\BL_TXTS\1820s\1828\05\1828.05.27_TheBelfastNews-Letter_0002.txt
290	359	368	I:\BL_TXTS\1820s\1828\05\1828.05.28_TheDerbyMercury_0004.txt	I:\BL_TXTS\1820s\1828\05\1828.05.28_TheDerbyMercury_0003.txt
207	303	310	I:\BL_TXTS\1820s\1828\05\1828.05.28_TheMorningChronicle_0001.txt	I:\BL_TXTS\1820s\1828\05\1828.05.08_TheMorningChronicle_0001.txt
302	464	452	I:\BL_TXTS\1820s\1828\05\1828.05.28_TheMorningChronicle_0001.txt	I:\BL_TXTS\1820s\1828\05\1828.05.26_TheMorningChronicle_0001.txt
685	808	836	I:\BL_TXTS\1820s\1828\05\1828.05.28_TheMorningChronicle_0001.txt	I:\BL_TXTS\1820s\1828\05\1828.05.28_TheDerbyMercury_0002.txt
471	733	760	I:\BL_TXTS\1820s\1828\05\1828.05.28_TheMorningChronicle_0004.txt	I:\BL_TXTS\1820s\1828\05\1828.05.19_CaledonianMercury_0004.txt
570	763	768	I:\BL_TXTS\1820s\1828\05\1828.05.28_TheMorningChronicle_0004.txt	I:\BL_TXTS\1820s\1828\05\1828.05.23_TheBelfastNews-Letter_0001.txt
470	741	713	I:\BL_TXTS\1820s\1828\05\1828.05.28_TheMorningChronicle_0004.txt	I:\BL_TXTS\1820s\1828\05\1828.05.24_TheIpswichJournal_0004.txt
226	369	361	I:\BL_TXTS\1820s\1828\05\1828.05.29_CaledonianMercury_0001.txt	I:\BL_TXTS\1820s\1828\05\1828.05.03_CaledonianMercury_0001.txt
206	369	365	I:\BL_TXTS\1820s\1828\05\1828.05.29_CaledonianMercury_0001.txt	I:\BL_TXTS\1820s\1828\05\1828.05.17_CaledonianMercury_0001.txt
241	417	401	I:\BL_TXTS\1820s\1828\05\1828.05.29_TheMorningChronicle_0001.txt	I:\BL_TXTS\1820s\1828\05\1828.05.15_TheMorningChronicle_0001.txt
400	629	653	I:\BL_TXTS\1820s\1828\05\1828.05.29_TheMorningChronicle_0004.txt	I:\BL_TXTS\1820s\1828\05\1828.05.01_TheMorningChronicle_0004.txt
291	496	481	I:\BL_TXTS\1820s\1828\05\1828.05.29_TheMorningChronicle_0004.txt	I:\BL_TXTS\1820s\1828\05\1828.05.08_TheMorningChronicle_0001.txt
357	605	607	I:\BL_TXTS\1820s\1828\05\1828.05.29_TheMorningChronicle_0004.txt	I:\BL_TXTS\1820s\1828\05\1828.05.15_TheMorningChronicle_0004.txt
499	849	892	I:\BL_TXTS\1820s\1828\05\1828.05.29_TheMorningChronicle_0004.txt	I:\BL_TXTS\1820s\1828\05\1828.05.19_TheMorningChronicle_0004.txt
724	1242	1240	I:\BL_TXTS\1820s\1828\05\1828.05.29_TheMorningChronicle_0004.txt	I:\BL_TXTS\1820s\1828\05\1828.05.22_TheMorningChronicle_0004.txt
272	371	386	I:\BL_TXTS\1820s\1828\05\1828.05.29_Trewman'sExeterFlyingPostorPlymouthandCornishAdvertiser_0001.txt	I:\BL_TXTS\1820s\1828\05\1828.05.27_TheHullPacketandHumberMercury_0002.txt
341	436	434	I:\BL_TXTS\1820s\1828\05\1828.05.30_LiverpoolMercuryetc_0002.txt	I:\BL_TXTS\1820s\1828\05\1828.05.25_TheExaminer_0007.txt
295	475	479	I:\BL_TXTS\1820s\1828\05\1828.05.30_LiverpoolMercuryetc_0004.txt	I:\BL_TXTS\1820s\1828\05\1828.05.02_LiverpoolMercuryetc_0004.txt
285	456	460	I:\BL_TXTS\1820s\1828\05\1828.05.30_LiverpoolMercuryetc_0004.txt	I:\BL_TXTS\1820s\1828\05\1828.05.09_LiverpoolMercuryetc_0004.txt
388	609	609	I:\BL_TXTS\1820s\1828\05\1828.05.30_LiverpoolMercuryetc_0004.txt	I:\BL_TXTS\1820s\1828\05\1828.05.16_LiverpoolMercuryetc_0004.txt
563	926	932	I:\BL_TXTS\1820s\1828\05\1828.05.30_LiverpoolMercuryetc_0004.txt	I:\BL_TXTS\1820s\1828\05\1828.05.23_LiverpoolMercuryetc_0004.txt
244	379	366	I:\BL_TXTS\1820s\1828\05\1828.05.30_LiverpoolMercuryetc_0007.txt	I:\BL_TXTS\1820s\1828\05\1828.05.16_LiverpoolMercuryetc_0007.txt
355	453	482	I:\BL_TXTS\1820s\1828\05\1828.05.30_TheBelfastNews-Letter_0001.txt	I:\BL_TXTS\1820s\1828\05\1828.05.02_TheBelfastNews-Letter_0001.txt
250	360	358	I:\BL_TXTS\1820s\1828\05\1828.05.30_TheBelfastNews-Letter_0001.txt	I:\BL_TXTS\1820s\1828\05\1828.05.09_TheBelfastNews-Letter_0001.txt
217	330	337	I:\BL_TXTS\1820s\1828\05\1828.05.30_TheBelfastNews-Letter_0001.txt	I:\BL_TXTS\1820s\1828\05\1828.05.23_TheBelfastNews-Letter_0001.txt
288	459	446	I:\BL_TXTS\1820s\1828\05\1828.05.30_TheBelfastNews-Letter_0001.txt	I:\BL_TXTS\1820s\1828\05\1828.05.27_TheHullPacketandHumberMercury_0001.txt
526	722	745	I:\BL_TXTS\1820s\1828\05\1828.05.30_TheBelfastNews-Letter_0001.txt	I:\BL_TXTS\1820s\1828\05\1828.05.28_TheDerbyMercury_0001.txt
253	330	334	I:\BL_TXTS\1820s\1828\05\1828.05.30_TheBelfastNews-Letter_0002.txt	I:\BL_TXTS\1820s\1828\05\1828.05.28_TheDerbyMercury_0002.txt
206	289	289	I:\BL_TXTS\1820s\1828\05\1828.05.30_TheBelfastNews-Letter_0003.txt	I:\BL_TXTS\1820s\1828\05\1828.05.16_TheBelfastNews-Letter_0003.txt
241	374	372	I:\BL_TXTS\1820s\1828\05\1828.05.30_TheBelfastNews-Letter_0003.txt	I:\BL_TXTS\1820s\1828\05\1828.05.20_TheBelfastNews-Letter_0003.txt
596	871	869	I:\BL_TXTS\1820s\1828\05\1828.05.30_TheBelfastNews-Letter_0003.txt	I:\BL_TXTS\1820s\1828\05\1828.05.23_TheBelfastNews-Letter_0003.txt
1082	1505	1506	I:\BL_TXTS\1820s\1828\05\1828.05.30_TheBelfastNews-Letter_0003.txt	I:\BL_TXTS\1820s\1828\05\1828.05.27_TheBelfastNews-Letter_0003.txt
490	823	821	I:\BL_TXTS\1820s\1828\05\1828.05.30_TheBelfastNews-Letter_0004.txt	I:\BL_TXTS\1820s\1828\05\1828.05.02_TheBelfastNews-Letter_0004.txt
722	1139	1135	I:\BL_TXTS\1820s\1828\05\1828.05.30_TheBelfastNews-Letter_0004.txt	I:\BL_TXTS\1820s\1828\05\1828.05.09_TheBelfastNews-Letter_0004.txt
471	743	750	I:\BL_TXTS\1820s\1828\05\1828.05.30_TheBelfastNews-Letter_0004.txt	I:\BL_TXTS\1820s\1828\05\1828.05.16_TheBelfastNews-Letter_0004.txt
651	1051	1035	I:\BL_TXTS\1820s\1828\05\1828.05.30_TheBelfastNews-Letter_0004.txt	I:\BL_TXTS\1820s\1828\05\1828.05.23_TheBelfastNews-Letter_0004.txt
208	340	339	I:\BL_TXTS\1820s\1828\05\1828.05.30_TheMorningChronicle_0001.txt	I:\BL_TXTS\1820s\1828\05\1828.05.28_TheMorningChronicle_0001.txt
202	294	282	I:\BL_TXTS\1820s\1828\05\1828.05.30_TheMorningChronicle_0003.txt	I:\BL_TXTS\1820s\1828\05\1828.05.29_TheMorningChronicle_0002.txt
396	508	513	I:\BL_TXTS\1820s\1828\05\1828.05.31_Cobbett'sWeeklyPoliticalRegister_0002.txt	I:\BL_TXTS\1820s\1828\05\1828.05.27_TheMorningChronicle_0002.txt
591	728	735	I:\BL_TXTS\1820s\1828\05\1828.05.31_Cobbett'sWeeklyPoliticalRegister_0003.txt	I:\BL_TXTS\1820s\1828\05\1828.05.27_TheMorningChronicle_0002.txt
214	266	270	I:\BL_TXTS\1820s\1828\05\1828.05.31_Cobbett'sWeeklyPoliticalRegister_0003.txt	I:\BL_TXTS\1820s\1828\05\1828.05.28_TheDerbyMercury_0002.txt
217	281	278	I:\BL_TXTS\1820s\1828\05\1828.05.31_Cobbett'sWeeklyPoliticalRegister_0003.txt	I:\BL_TXTS\1820s\1828\05\1828.05.28_TheMorningChronicle_0001.txt
434	505	530	I:\BL_TXTS\1820s\1828\05\1828.05.31_Cobbett'sWeeklyPoliticalRegister_0004.txt	I:\BL_TXTS\1820s\1828\05\1828.05.28_TheDerbyMercury_0002.txt
443	547	556	I:\BL_TXTS\1820s\1828\05\1828.05.31_Cobbett'sWeeklyPoliticalRegister_0004.txt	I:\BL_TXTS\1820s\1828\05\1828.05.28_TheMorningChronicle_0001.txt
526	822	812	I:\BL_TXTS\1820s\1828\05\1828.05.31_Cobbett'sWeeklyPoliticalRegister_0015.txt	I:\BL_TXTS\1820s\1828\05\1828.05.13_TheMorningChronicle_0001.txt
285	497	502	I:\BL_TXTS\1820s\1828\05\1828.05.31_TheIpswichJournal_0001.txt	I:\BL_TXTS\1820s\1828\05\1828.05.24_TheIpswichJournal_0001.txt
344	552	559	I:\BL_TXTS\1820s\1828\05\1828.05.31_TheIpswichJournal_0001.txt	I:\BL_TXTS\1820s\1828\05\1828.05.26_TheMorningChronicle_0002.txt
313	439	444	I:\BL_TXTS\1820s\1828\05\1828.05.31_TheIpswichJournal_0001.txt	I:\BL_TXTS\1820s\1828\05\1828.05.27_TheBelfastNews-Letter_0002.txt
249	327	346	I:\BL_TXTS\1820s\1828\05\1828.05.31_TheIpswichJournal_0002.txt	I:\BL_TXTS\1820s\1828\05\1828.05.28_TheMorningChronicle_0003.txt
262	367	361	I:\BL_TXTS\1820s\1828\05\1828.05.31_TheIpswichJournal_0004.txt	I:\BL_TXTS\1820s\1828\05\1828.05.13_TheBelfastNews-Letter_0002.txt
211	339	341	I:\BL_TXTS\1820s\1828\05\1828.05.31_TheIpswichJournal_0004.txt	I:\BL_TXTS\1820s\1828\05\1828.05.17_TheIpswichJournal_0004.txt
232	391	386	I:\BL_TXTS\1820s\1828\05\1828.05.31_TheIpswichJournal_0004.txt	I:\BL_TXTS\1820s\1828\05\1828.05.24_TheIpswichJournal_0004.txt
202	293	284	I:\BL_TXTS\1820s\1828\05\1828.05.31_TheLeedsMercury_0002.txt	I:\BL_TXTS\1820s\1828\05\1828.05.22_TheMorningChronicle_0004.txt
352	457	435	I:\BL_TXTS\1820s\1828\05\1828.05.31_TheLeedsMercury_0002.txt	I:\BL_TXTS\1820s\1828\05\1828.05.25_TheExaminer_0011.txt
348	468	452	I:\BL_TXTS\1820s\1828\05\1828.05.31_TheLeedsMercury_0002.txt	I:\BL_TXTS\1820s\1828\05\1828.05.28_TheMorningChronicle_0002.txt
204	364	363	I:\BL_TXTS\1820s\1828\05\1828.05.31_TheLeedsMercury_0004.txt	I:\BL_TXTS\1820s\1828\05\1828.05.10_TheLeedsMercury_0004.txt
230	386	374	I:\BL_TXTS\1820s\1828\05\1828.05.31_TheLeedsMercury_0004.txt	I:\BL_TXTS\1820s\1828\05\1828.05.22_TheMorningChronicle_0003.txt
848	1228	1173	I:\BL_TXTS\1820s\1828\05\1828.05.31_TheLeedsMercury_0004.txt	I:\BL_TXTS\1820s\1828\05\1828.05.25_TheExaminer_0007.txt
419	626	607	I:\BL_TXTS\1820s\1828\05\1828.05.31_TheLeedsMercury_0004.txt	I:\BL_TXTS\1820s\1828\05\1828.05.25_TheExaminer_0010.txt
455	681	668	I:\BL_TXTS\1820s\1828\05\1828.05.31_TheLeedsMercury_0004.txt	I:\BL_TXTS\1820s\1828\05\1828.05.27_TheHullPacketandHumberMercury_0004.txt
321	465	472	I:\BL_TXTS\1820s\1828\05\1828.05.31_TheLeedsMercury_0004.txt	I:\BL_TXTS\1820s\1828\05\1828.05.30_TheBelfastNews-Letter_0004.txt
303	408	401	I:\BL_TXTS\1820s\1828\05\1828.05.31_TheMorningChronicle_0002.txt	I:\BL_TXTS\1820s\1828\05\1828.05.31_TheMorningChronicle_0001.txt
363	578	583	I:\BL_TXTS\1820s\1828\05\1828.05.31_TheMorningChronicle_0004.txt	I:\BL_TXTS\1820s\1828\05\1828.05.17_TheMorningChronicle_0004.txt
212	362	362	I:\BL_TXTS\1820s\1828\05\1828.05.31_TheMorningChronicle_0004.txt	I:\BL_TXTS\1820s\1828\05\1828.05.24_TheMorningChronicle_0001.txt
208	277	285	I:\BL_TXTS\1820s\1828\05\1828.05.31_TheNewcastleCourantetc_0001.txt	I:\BL_TXTS\1820s\1828\05\1828.05.03_TheNewcastleCourantetc_0001.txt
213	266	272	I:\BL_TXTS\1820s\1828\05\1828.05.31_TheNewcastleCourantetc_0001.txt	I:\BL_TXTS\1820s\1828\05\1828.05.07_TheDerbyMercury_0001.txt
226	318	316	I:\BL_TXTS\1820s\1828\05\1828.05.31_TheNewcastleCourantetc_0001.txt	I:\BL_TXTS\1820s\1828\05\1828.05.10_TheNewcastleCourantetc_0001.txt
320	417	413	I:\BL_TXTS\1820s\1828\05\1828.05.31_TheNewcastleCourantetc_0001.txt	I:\BL_TXTS\1820s\1828\05\1828.05.17_TheNewcastleCourantetc_0001.txt
660	895	893	I:\BL_TXTS\1820s\1828\05\1828.05.31_TheNewcastleCourantetc_0001.txt	I:\BL_TXTS\1820s\1828\05\1828.05.24_TheNewcastleCourantetc_0001.txt
508	624	610	I:\BL_TXTS\1820s\1828\05\1828.05.31_TheNewcastleCourantetc_0001.txt	I:\BL_TXTS\1820s\1828\05\1828.05.28_TheDerbyMercury_0004.txt
218	268	271	I:\BL_TXTS\1820s\1828\05\1828.05.31_TheNewcastleCourantetc_0002.txt	I:\BL_TXTS\1820s\1828\05\1828.05.26_TheMorningChronicle_0004.txt
282	414	415	I:\BL_TXTS\1820s\1828\05\1828.05.31_TheNewcastleCourantetc_0002.txt	I:\BL_TXTS\1820s\1828\05\1828.05.27_TheBristolMercury_0003.txt
313	458	483	I:\BL_TXTS\1820s\1828\05\1828.05.31_TheNewcastleCourantetc_0002.txt	I:\BL_TXTS\1820s\1828\05\1828.05.31_TheLeedsMercury_0002.txt
604	1029	1025	I:\BL_TXTS\1820s\1828\05\1828.05.31_TheNewcastleCourantetc_0003.txt	I:\BL_TXTS\1820s\1828\05\1828.05.03_TheNewcastleCourantetc_0002.txt
527	749	743	I:\BL_TXTS\1820s\1828\05\1828.05.31_TheNewcastleCourantetc_0003.txt	I:\BL_TXTS\1820s\1828\05\1828.05.03_TheNewcastleCourantetc_0003.txt
352	475	471	I:\BL_TXTS\1820s\1828\05\1828.05.31_TheNewcastleCourantetc_0003.txt	I:\BL_TXTS\1820s\1828\05\1828.05.10_TheNewcastleCourantetc_0001.txt
877	1381	1379	I:\BL_TXTS\1820s\1828\05\1828.05.31_TheNewcastleCourantetc_0003.txt	I:\BL_TXTS\1820s\1828\05\1828.05.10_TheNewcastleCourantetc_0003.txt
714	1005	1001	I:\BL_TXTS\1820s\1828\05\1828.05.31_TheNewcastleCourantetc_0003.txt	I:\BL_TXTS\1820s\1828\05\1828.05.17_TheNewcastleCourantetc_0001.txt
781	1284	1296	I:\BL_TXTS\1820s\1828\05\1828.05.31_TheNewcastleCourantetc_0003.txt	I:\BL_TXTS\1820s\1828\05\1828.05.17_TheNewcastleCourantetc_0003.txt
327	427	442	I:\BL_TXTS\1820s\1828\05\1828.05.31_TheNewcastleCourantetc_0003.txt	I:\BL_TXTS\1820s\1828\05\1828.05.23_TheMorningChronicle_0002.txt
1106	1518	1513	I:\BL_TXTS\1820s\1828\05\1828.05.31_TheNewcastleCourantetc_0003.txt	I:\BL_TXTS\1820s\1828\05\1828.05.24_TheNewcastleCourantetc_0001.txt
1144	1738	1731	I:\BL_TXTS\1820s\1828\05\1828.05.31_TheNewcastleCourantetc_0003.txt	I:\BL_TXTS\1820s\1828\05\1828.05.24_TheNewcastleCourantetc_0003.txt
303	478	480	I:\BL_TXTS\1820s\1828\05\1828.05.31_TheNewcastleCourantetc_0003.txt	I:\BL_TXTS\1820s\1828\05\1828.05.28_TheDerbyMercury_0004.txt
231	375	371	I:\BL_TXTS\1820s\1828\05\1828.05.31_TheNewcastleCourantetc_0004.txt	I:\BL_TXTS\1820s\1828\05\1828.05.03_TheNewcastleCourantetc_0004.txt
288	449	443	I:\BL_TXTS\1820s\1828\05\1828.05.31_TheNewcastleCourantetc_0004.txt	I:\BL_TXTS\1820s\1828\05\1828.05.10_TheNewcastleCourantetc_0004.txt
255	427	428	I:\BL_TXTS\1820s\1828\05\1828.05.31_TheNewcastleCourantetc_0004.txt	I:\BL_TXTS\1820s\1828\05\1828.05.17_TheNewcastleCourantetc_0004.txt
273	432	437	I:\BL_TXTS\1820s\1828\05\1828.05.31_TheNewcastleCourantetc_0004.txt	I:\BL_TXTS\1820s\1828\05\1828.05.24_TheNewcastleCourantetc_0004.txt
218	267	264	I:\BL_TXTS\1820s\1828\05\1828.05.31_TheNewcastleCourantetc_0004.txt	I:\BL_TXTS\1820s\1828\05\1828.05.28_TheDerbyMercury_0002.txt
205	295	296	I:\BL_TXTS\1820s\1828\05\1828.05.31_TheNewcastleCourantetc_0004.txt	I:\BL_TXTS\1820s\1828\05\1828.05.31_TheLeedsMercury_0003.txt
289	347	355	I:\BL_TXTS\1820s\1828\06\1828.06.01_TheExaminer_0001.txt	I:\BL_TXTS\1820s\1828\05\1828.05.28_TheMorningChronicle_0001.txt
680	769	773	I:\BL_TXTS\1820s\1828\06\1828.06.01_TheExaminer_0002.txt	I:\BL_TXTS\1820s\1828\05\1828.05.29_TheMorningChronicle_0002.txt
248	277	276	I:\BL_TXTS\1820s\1828\06\1828.06.01_TheExaminer_0002.txt	I:\BL_TXTS\1820s\1828\05\1828.05.30_TheMorningChronicle_0002.txt
267	299	305	I:\BL_TXTS\1820s\1828\06\1828.06.01_TheExaminer_0008.txt	I:\BL_TXTS\1820s\1828\05\1828.05.29_TheMorningChronicle_0002.txt
273	311	311	I:\BL_TXTS\1820s\1828\06\1828.06.01_TheExaminer_0009.txt	I:\BL_TXTS\1820s\1828\05\1828.05.27_TheMorningChronicle_0002.txt
252	290	297	I:\BL_TXTS\1820s\1828\06\1828.06.01_TheExaminer_0013.txt	I:\BL_TXTS\1820s\1828\05\1828.05.29_TheMorningChronicle_0003.txt
260	336	335	I:\BL_TXTS\1820s\1828\06\1828.06.01_TheExaminer_0014.txt	I:\BL_TXTS\1820s\1828\05\1828.05.18_TheExaminer_0015.txt
304	433	432	I:\BL_TXTS\1820s\1828\06\1828.06.01_TheExaminer_0014.txt	I:\BL_TXTS\1820s\1828\05\1828.05.25_TheExaminer_0014.txt
298	475	461	I:\BL_TXTS\1820s\1828\06\1828.06.02_CaledonianMercury_0001.txt	I:\BL_TXTS\1820s\1828\05\1828.05.26_CaledonianMercury_0001.txt
250	367	352	I:\BL_TXTS\1820s\1828\06\1828.06.02_CaledonianMercury_0002.txt	I:\BL_TXTS\1820s\1828\05\1828.05.29_TheMorningChronicle_0002.txt
299	511	506	I:\BL_TXTS\1820s\1828\06\1828.06.02_HampshireTelegraphandSussexChronicleetc_0001.txt	I:\BL_TXTS\1820s\1828\05\1828.05.26_HampshireTelegraphandSussexChronicleetc_0001.txt
238	342	310	I:\BL_TXTS\1820s\1828\06\1828.06.03_TheBelfastNews-Letter_0001.txt	I:\BL_TXTS\1820s\1828\05\1828.05.27_TheBelfastNews-Letter_0003.txt
214	313	288	I:\BL_TXTS\1820s\1828\06\1828.06.03_TheBelfastNews-Letter_0001.txt	I:\BL_TXTS\1820s\1828\05\1828.05.30_TheBelfastNews-Letter_0003.txt
330	481	470	I:\BL_TXTS\1820s\1828\06\1828.06.03_TheBelfastNews-Letter_0001.txt	I:\BL_TXTS\1820s\1828\05\1828.05.31_TheIpswichJournal_0002.txt
336	466	477	I:\BL_TXTS\1820s\1828\06\1828.06.03_TheBelfastNews-Letter_0003.txt	I:\BL_TXTS\1820s\1828\05\1828.05.23_TheBelfastNews-Letter_0003.txt
498	700	703	I:\BL_TXTS\1820s\1828\06\1828.06.03_TheBelfastNews-Letter_0003.txt	I:\BL_TXTS\1820s\1828\05\1828.05.27_TheBelfastNews-Letter_0003.txt
941	1260	1258	I:\BL_TXTS\1820s\1828\06\1828.06.03_TheBelfastNews-Letter_0003.txt	I:\BL_TXTS\1820s\1828\05\1828.05.30_TheBelfastNews-Letter_0003.txt
219	363	371	I:\BL_TXTS\1820s\1828\06\1828.06.03_TheBelfastNews-Letter_0004.txt	I:\BL_TXTS\1820s\1828\05\1828.05.27_TheBelfastNews-Letter_0004.txt
252	449	417	I:\BL_TXTS\1820s\1828\06\1828.06.03_TheBristolMercury_0001.txt	I:\BL_TXTS\1820s\1828\05\1828.05.20_TheBristolMercury_0002.txt
270	403	372	I:\BL_TXTS\1820s\1828\06\1828.06.03_TheBristolMercury_0001.txt	I:\BL_TXTS\1820s\1828\05\1828.05.27_TheHullPacketandHumberMercury_0001.txt
544	711	702	I:\BL_TXTS\1820s\1828\06\1828.06.03_TheBristolMercury_0001.txt	I:\BL_TXTS\1820s\1828\05\1828.05.28_TheDerbyMercury_0001.txt
368	539	545	I:\BL_TXTS\1820s\1828\06\1828.06.03_TheBristolMercury_0001.txt	I:\BL_TXTS\1820s\1828\05\1828.05.28_TheMorningChronicle_0002.txt
403	596	571	I:\BL_TXTS\1820s\1828\06\1828.06.03_TheBristolMercury_0001.txt	I:\BL_TXTS\1820s\1828\05\1828.05.30_TheBelfastNews-Letter_0001.txt
288	443	432	I:\BL_TXTS\1820s\1828\06\1828.06.03_TheBristolMercury_0001.txt	I:\BL_TXTS\1820s\1828\05\1828.05.31_TheIpswichJournal_0002.txt
590	850	882	I:\BL_TXTS\1820s\1828\06\1828.06.03_TheBristolMercury_0002.txt	I:\BL_TXTS\1820s\1828\05\1828.05.31_TheMorningChronicle_0001.txt
217	276	286	I:\BL_TXTS\1820s\1828\06\1828.06.03_TheBristolMercury_0002.txt	I:\BL_TXTS\1820s\1828\05\1828.05.31_TheMorningChronicle_0002.txt
242	400	393	I:\BL_TXTS\1820s\1828\06\1828.06.03_TheBristolMercury_0003.txt	I:\BL_TXTS\1820s\1828\05\1828.05.13_TheBristolMercury_0003.txt
232	361	379	I:\BL_TXTS\1820s\1828\06\1828.06.03_TheBristolMercury_0003.txt	I:\BL_TXTS\1820s\1828\05\1828.05.31_TheMorningChronicle_0003.txt
221	335	357	I:\BL_TXTS\1820s\1828\06\1828.06.03_TheBristolMercury_0004.txt	I:\BL_TXTS\1820s\1828\05\1828.05.06_TheBristolMercury_0004.txt
382	565	558	I:\BL_TXTS\1820s\1828\06\1828.06.03_TheBristolMercury_0004.txt	I:\BL_TXTS\1820s\1828\05\1828.05.13_TheBristolMercury_0004.txt
326	537	530	I:\BL_TXTS\1820s\1828\06\1828.06.03_TheBristolMercury_0004.txt	I:\BL_TXTS\1820s\1828\05\1828.05.20_TheBristolMercury_0004.txt
399	595	582	I:\BL_TXTS\1820s\1828\06\1828.06.03_TheBristolMercury_0004.txt	I:\BL_TXTS\1820s\1828\05\1828.05.27_TheBristolMercury_0004.txt
358	514	513	I:\BL_TXTS\1820s\1828\06\1828.06.03_TheBristolMercury_0004.txt	I:\BL_TXTS\1820s\1828\05\1828.05.29_TheMorningChronicle_0002.txt
217	342	353	I:\BL_TXTS\1820s\1828\06\1828.06.03_TheBristolMercury_0004.txt	I:\BL_TXTS\1820s\1828\05\1828.05.29_TheMorningChronicle_0003.txt
221	317	329	I:\BL_TXTS\1820s\1828\06\1828.06.03_TheHullPacketandHumberMercury_0001.txt	I:\BL_TXTS\1820s\1828\05\1828.05.20_TheHullPacketandHumberMercury_0001.txt
215	304	285	I:\BL_TXTS\1820s\1828\06\1828.06.03_TheHullPacketandHumberMercury_0001.txt	I:\BL_TXTS\1820s\1828\05\1828.05.25_TheExaminer_0004.txt
225	312	332	I:\BL_TXTS\1820s\1828\06\1828.06.03_TheHullPacketandHumberMercury_0001.txt	I:\BL_TXTS\1820s\1828\05\1828.05.26_TheMorningChronicle_0003.txt
483	649	647	I:\BL_TXTS\1820s\1828\06\1828.06.03_TheHullPacketandHumberMercury_0001.txt	I:\BL_TXTS\1820s\1828\05\1828.05.26_TheMorningChronicle_0004.txt
487	770	753	I:\BL_TXTS\1820s\1828\06\1828.06.03_TheHullPacketandHumberMercury_0001.txt	I:\BL_TXTS\1820s\1828\05\1828.05.27_TheHullPacketandHumberMercury_0001.txt
527	579	589	I:\BL_TXTS\1820s\1828\06\1828.06.03_TheHullPacketandHumberMercury_0001.txt	I:\BL_TXTS\1820s\1828\05\1828.05.29_TheMorningChronicle_0003.txt
427	616	623	I:\BL_TXTS\1820s\1828\06\1828.06.03_TheHullPacketandHumberMercury_0001.txt	I:\BL_TXTS\1820s\1828\05\1828.05.31_TheIpswichJournal_0002.txt
411	575	574	I:\BL_TXTS\1820s\1828\06\1828.06.03_TheHullPacketandHumberMercury_0001.txt	I:\BL_TXTS\1820s\1828\05\1828.05.31_TheIpswichJournal_0004.txt
342	392	388	I:\BL_TXTS\1820s\1828\06\1828.06.03_TheHullPacketandHumberMercury_0001.txt	I:\BL_TXTS\1820s\1828\05\1828.05.31_TheNewcastleCourantetc_0002.txt
337	413	407	I:\BL_TXTS\1820s\1828\06\1828.06.03_TheHullPacketandHumberMercury_0002.txt	I:\BL_TXTS\1820s\1828\05\1828.05.27_TheHullPacketandHumberMercury_0002.txt
288	401	378	I:\BL_TXTS\1820s\1828\06\1828.06.03_TheHullPacketandHumberMercury_0002.txt	I:\BL_TXTS\1820s\1828\05\1828.05.30_TheMorningChronicle_0002.txt
240	321	303	I:\BL_TXTS\1820s\1828\06\1828.06.03_TheHullPacketandHumberMercury_0003.txt	I:\BL_TXTS\1820s\1828\05\1828.05.31_TheNewcastleCourantetc_0002.txt
235	370	376	I:\BL_TXTS\1820s\1828\06\1828.06.03_TheHullPacketandHumberMercury_0004.txt	I:\BL_TXTS\1820s\1828\05\1828.05.19_CaledonianMercury_0004.txt
208	362	358	I:\BL_TXTS\1820s\1828\06\1828.06.03_TheHullPacketandHumberMercury_0004.txt	I:\BL_TXTS\1820s\1828\05\1828.05.20_TheHullPacketandHumberMercury_0004.txt
395	553	538	I:\BL_TXTS\1820s\1828\06\1828.06.03_TheHullPacketandHumberMercury_0004.txt	I:\BL_TXTS\1820s\1828\05\1828.05.23_TheBelfastNews-Letter_0001.txt
764	1036	993	I:\BL_TXTS\1820s\1828\06\1828.06.03_TheHullPacketandHumberMercury_0004.txt	I:\BL_TXTS\1820s\1828\05\1828.05.28_TheMorningChronicle_0004.txt
1074	1450	1394	I:\BL_TXTS\1820s\1828\06\1828.06.03_TheHullPacketandHumberMercury_0004.txt	I:\BL_TXTS\1820s\1828\05\1828.05.29_TheMorningChronicle_0003.txt
385	470	452	I:\BL_TXTS\1820s\1828\06\1828.06.03_TheHullPacketandHumberMercury_0004.txt	I:\BL_TXTS\1820s\1828\05\1828.05.31_TheNewcastleCourantetc_0004.txt
424	603	594	I:\BL_TXTS\1820s\1828\06\1828.06.04_TheAberdeenJournal_0001.txt	I:\BL_TXTS\1820s\1828\05\1828.05.14_TheAberdeenJournal_0001.txt
403	593	575	I:\BL_TXTS\1820s\1828\06\1828.06.04_TheAberdeenJournal_0001.txt	I:\BL_TXTS\1820s\1828\05\1828.05.21_TheAberdeenJournal_0001.txt
1132	1776	1748	I:\BL_TXTS\1820s\1828\06\1828.06.04_TheAberdeenJournal_0001.txt	I:\BL_TXTS\1820s\1828\05\1828.05.28_TheAberdeenJournal_0001.txt
678	1080	1094	I:\BL_TXTS\1820s\1828\06\1828.06.04_TheAberdeenJournal_0001.txt	I:\BL_TXTS\1820s\1828\05\1828.05.28_TheAberdeenJournal_0002.txt
487	729	729	I:\BL_TXTS\1820s\1828\06\1828.06.04_TheAberdeenJournal_0001.txt	I:\BL_TXTS\1820s\1828\05\1828.05.28_TheAberdeenJournal_0003.txt
223	325	329	I:\BL_TXTS\1820s\1828\06\1828.06.04_TheDerbyMercury_0001.txt	I:\BL_TXTS\1820s\1828\05\1828.05.07_TheDerbyMercury_0001.txt
568	743	744	I:\BL_TXTS\1820s\1828\06\1828.06.04_TheDerbyMercury_0001.txt	I:\BL_TXTS\1820s\1828\05\1828.05.07_TheDerbyMercury_0002.txt
596	763	734	I:\BL_TXTS\1820s\1828\06\1828.06.04_TheDerbyMercury_0001.txt	I:\BL_TXTS\1820s\1828\05\1828.05.14_TheDerbyMercury_0001.txt
294	405	394	I:\BL_TXTS\1820s\1828\06\1828.06.04_TheDerbyMercury_0001.txt	I:\BL_TXTS\1820s\1828\05\1828.05.14_TheDerbyMercury_0002.txt
349	436	431	I:\BL_TXTS\1820s\1828\06\1828.06.04_TheDerbyMercury_0001.txt	I:\BL_TXTS\1820s\1828\05\1828.05.21_TheDerbyMercury_0001.txt
800	1002	1015	I:\BL_TXTS\1820s\1828\06\1828.06.04_TheDerbyMercury_0001.txt	I:\BL_TXTS\1820s\1828\05\1828.05.28_TheDerbyMercury_0002.txt
235	314	321	I:\BL_TXTS\1820s\1828\06\1828.06.04_TheDerbyMercury_0001.txt	I:\BL_TXTS\1820s\1828\05\1828.05.28_TheDerbyMercury_0003.txt
327	440	425	I:\BL_TXTS\1820s\1828\06\1828.06.04_TheDerbyMercury_0002.txt	I:\BL_TXTS\1820s\1828\05\1828.05.07_TheDerbyMercury_0001.txt
241	324	319	I:\BL_TXTS\1820s\1828\06\1828.06.04_TheDerbyMercury_0002.txt	I:\BL_TXTS\1820s\1828\05\1828.05.14_TheDerbyMercury_0002.txt
291	391	379	I:\BL_TXTS\1820s\1828\06\1828.06.04_TheDerbyMercury_0002.txt	I:\BL_TXTS\1820s\1828\05\1828.05.21_TheDerbyMercury_0001.txt
298	415	400	I:\BL_TXTS\1820s\1828\06\1828.06.04_TheDerbyMercury_0002.txt	I:\BL_TXTS\1820s\1828\05\1828.05.28_TheDerbyMercury_0001.txt
395	531	536	I:\BL_TXTS\1820s\1828\06\1828.06.04_TheDerbyMercury_0002.txt	I:\BL_TXTS\1820s\1828\05\1828.05.28_TheDerbyMercury_0002.txt
282	379	379	I:\BL_TXTS\1820s\1828\06\1828.06.04_TheDerbyMercury_0003.txt	I:\BL_TXTS\1820s\1828\05\1828.05.07_TheDerbyMercury_0001.txt
379	528	513	I:\BL_TXTS\1820s\1828\06\1828.06.04_TheDerbyMercury_0003.txt	I:\BL_TXTS\1820s\1828\05\1828.05.07_TheDerbyMercury_0003.txt
356	497	498	I:\BL_TXTS\1820s\1828\06\1828.06.04_TheDerbyMercury_0003.txt	I:\BL_TXTS\1820s\1828\05\1828.05.14_TheDerbyMercury_0001.txt
273	374	365	I:\BL_TXTS\1820s\1828\06\1828.06.04_TheDerbyMercury_0003.txt	I:\BL_TXTS\1820s\1828\05\1828.05.14_TheDerbyMercury_0003.txt
417	601	601	I:\BL_TXTS\1820s\1828\06\1828.06.04_TheDerbyMercury_0003.txt	I:\BL_TXTS\1820s\1828\05\1828.05.21_TheDerbyMercury_0003.txt
314	429	413	I:\BL_TXTS\1820s\1828\06\1828.06.04_TheDerbyMercury_0003.txt	I:\BL_TXTS\1820s\1828\05\1828.05.28_TheDerbyMercury_0001.txt
327	470	473	I:\BL_TXTS\1820s\1828\06\1828.06.04_TheDerbyMercury_0003.txt	I:\BL_TXTS\1820s\1828\05\1828.05.28_TheDerbyMercury_0003.txt
297	481	477	I:\BL_TXTS\1820s\1828\06\1828.06.04_TheDerbyMercury_0004.txt	I:\BL_TXTS\1820s\1828\05\1828.05.21_TheDerbyMercury_0004.txt
215	323	324	I:\BL_TXTS\1820s\1828\06\1828.06.04_TheDerbyMercury_0004.txt	I:\BL_TXTS\1820s\1828\05\1828.05.28_TheDerbyMercury_0004.txt
252	323	310	I:\BL_TXTS\1820s\1828\06\1828.06.04_TheDerbyMercury_0004.txt	I:\BL_TXTS\1820s\1828\05\1828.05.31_TheIpswichJournal_0002.txt
434	625	609	I:\BL_TXTS\1820s\1828\06\1828.06.05_CaledonianMercury_0002.txt	I:\BL_TXTS\1820s\1828\05\1828.05.31_TheIpswichJournal_0002.txt
258	448	428	I:\BL_TXTS\1820s\1828\06\1828.06.05_NorthWalesChronicle_0001.txt	I:\BL_TXTS\1820s\1828\05\1828.05.19_CaledonianMercury_0004.txt
344	530	491	I:\BL_TXTS\1820s\1828\06\1828.06.05_NorthWalesChronicle_0001.txt	I:\BL_TXTS\1820s\1828\05\1828.05.23_TheBelfastNews-Letter_0001.txt
719	1108	1036	I:\BL_TXTS\1820s\1828\06\1828.06.05_NorthWalesChronicle_0001.txt	I:\BL_TXTS\1820s\1828\05\1828.05.28_TheMorningChronicle_0004.txt
234	371	386	I:\BL_TXTS\1820s\1828\06\1828.06.05_TheMorningChronicle_0004.txt	I:\BL_TXTS\1820s\1828\05\1828.05.01_TheMorningChronicle_0004.txt
279	457	460	I:\BL_TXTS\1820s\1828\06\1828.06.05_TheMorningChronicle_0004.txt	I:\BL_TXTS\1820s\1828\05\1828.05.15_TheMorningChronicle_0004.txt
309	512	508	I:\BL_TXTS\1820s\1828\06\1828.06.05_TheMorningChronicle_0004.txt	I:\BL_TXTS\1820s\1828\05\1828.05.22_TheMorningChronicle_0004.txt
292	513	506	I:\BL_TXTS\1820s\1828\06\1828.06.05_TheMorningChronicle_0004.txt	I:\BL_TXTS\1820s\1828\05\1828.05.29_TheMorningChronicle_0001.txt
559	946	932	I:\BL_TXTS\1820s\1828\06\1828.06.05_TheMorningChronicle_0004.txt	I:\BL_TXTS\1820s\1828\05\1828.05.29_TheMorningChronicle_0004.txt
302	459	467	I:\BL_TXTS\1820s\1828\06\1828.06.06_LiverpoolMercuryetc_0003.txt	I:\BL_TXTS\1820s\1828\05\1828.05.29_TheMorningChronicle_0004.txt
252	315	312	I:\BL_TXTS\1820s\1828\06\1828.06.06_LiverpoolMercuryetc_0003.txt	I:\BL_TXTS\1820s\1828\05\1828.05.31_TheMorningChronicle_0003.txt
217	370	369	I:\BL_TXTS\1820s\1828\06\1828.06.06_LiverpoolMercuryetc_0004.txt	I:\BL_TXTS\1820s\1828\05\1828.05.02_LiverpoolMercuryetc_0004.txt
204	347	340	I:\BL_TXTS\1820s\1828\06\1828.06.06_LiverpoolMercuryetc_0004.txt	I:\BL_TXTS\1820s\1828\05\1828.05.16_LiverpoolMercuryetc_0004.txt
238	393	393	I:\BL_TXTS\1820s\1828\06\1828.06.06_LiverpoolMercuryetc_0004.txt	I:\BL_TXTS\1820s\1828\05\1828.05.23_LiverpoolMercuryetc_0004.txt
279	489	487	I:\BL_TXTS\1820s\1828\06\1828.06.06_LiverpoolMercuryetc_0004.txt	I:\BL_TXTS\1820s\1828\05\1828.05.30_LiverpoolMercuryetc_0004.txt
256	402	385	I:\BL_TXTS\1820s\1828\06\1828.06.06_LiverpoolMercuryetc_0007.txt	I:\BL_TXTS\1820s\1828\05\1828.05.16_LiverpoolMercuryetc_0007.txt
221	364	367	I:\BL_TXTS\1820s\1828\06\1828.06.06_LiverpoolMercuryetc_0007.txt	I:\BL_TXTS\1820s\1828\05\1828.05.30_LiverpoolMercuryetc_0007.txt
220	341	349	I:\BL_TXTS\1820s\1828\06\1828.06.06_TheBelfastNews-Letter_0001.txt	I:\BL_TXTS\1820s\1828\05\1828.05.02_TheBelfastNews-Letter_0001.txt
205	332	344	I:\BL_TXTS\1820s\1828\06\1828.06.06_TheBelfastNews-Letter_0001.txt	I:\BL_TXTS\1820s\1828\05\1828.05.23_TheBelfastNews-Letter_0001.txt
302	483	475	I:\BL_TXTS\1820s\1828\06\1828.06.06_TheBelfastNews-Letter_0001.txt	I:\BL_TXTS\1820s\1828\05\1828.05.30_TheBelfastNews-Letter_0001.txt
279	395	392	I:\BL_TXTS\1820s\1828\06\1828.06.06_TheBelfastNews-Letter_0003.txt	I:\BL_TXTS\1820s\1828\05\1828.05.16_TheBelfastNews-Letter_0003.txt
263	408	411	I:\BL_TXTS\1820s\1828\06\1828.06.06_TheBelfastNews-Letter_0003.txt	I:\BL_TXTS\1820s\1828\05\1828.05.20_TheBelfastNews-Letter_0003.txt
411	592	587	I:\BL_TXTS\1820s\1828\06\1828.06.06_TheBelfastNews-Letter_0003.txt	I:\BL_TXTS\1820s\1828\05\1828.05.23_TheBelfastNews-Letter_0003.txt
217	295	301	I:\BL_TXTS\1820s\1828\06\1828.06.06_TheBelfastNews-Letter_0003.txt	I:\BL_TXTS\1820s\1828\05\1828.05.27_TheBelfastNews-Letter_0003.txt
839	1194	1178	I:\BL_TXTS\1820s\1828\06\1828.06.06_TheBelfastNews-Letter_0003.txt	I:\BL_TXTS\1820s\1828\05\1828.05.30_TheBelfastNews-Letter_0003.txt
288	516	516	I:\BL_TXTS\1820s\1828\06\1828.06.06_TheBelfastNews-Letter_0004.txt	I:\BL_TXTS\1820s\1828\05\1828.05.02_TheBelfastNews-Letter_0004.txt
242	409	402	I:\BL_TXTS\1820s\1828\06\1828.06.06_TheBelfastNews-Letter_0004.txt	I:\BL_TXTS\1820s\1828\05\1828.05.09_TheBelfastNews-Letter_0004.txt
277	447	444	I:\BL_TXTS\1820s\1828\06\1828.06.06_TheBelfastNews-Letter_0004.txt	I:\BL_TXTS\1820s\1828\05\1828.05.16_TheBelfastNews-Letter_0004.txt
305	476	463	I:\BL_TXTS\1820s\1828\06\1828.06.06_TheBelfastNews-Letter_0004.txt	I:\BL_TXTS\1820s\1828\05\1828.05.23_TheBelfastNews-Letter_0004.txt
264	414	418	I:\BL_TXTS\1820s\1828\06\1828.06.06_TheBelfastNews-Letter_0004.txt	I:\BL_TXTS\1820s\1828\05\1828.05.30_TheBelfastNews-Letter_0004.txt
395	627	639	I:\BL_TXTS\1820s\1828\06\1828.06.06_TheBelfastNews-Letter_0004.txt	I:\BL_TXTS\1820s\1828\05\1828.05.31_Cobbett'sWeeklyPoliticalRegister_0005.txt
234	402	396	I:\BL_TXTS\1820s\1828\06\1828.06.07_CaledonianMercury_0001.txt	I:\BL_TXTS\1820s\1828\05\1828.05.03_CaledonianMercury_0001.txt
234	411	405	I:\BL_TXTS\1820s\1828\06\1828.06.07_CaledonianMercury_0001.txt	I:\BL_TXTS\1820s\1828\05\1828.05.17_CaledonianMercury_0001.txt
361	584	589	I:\BL_TXTS\1820s\1828\06\1828.06.07_TheIpswichJournal_0001.txt	I:\BL_TXTS\1820s\1828\05\1828.05.24_TheIpswichJournal_0001.txt
377	615	619	I:\BL_TXTS\1820s\1828\06\1828.06.07_TheIpswichJournal_0001.txt	I:\BL_TXTS\1820s\1828\05\1828.05.31_TheIpswichJournal_0001.txt
402	656	658	I:\BL_TXTS\1820s\1828\06\1828.06.07_TheIpswichJournal_0001.txt	I:\BL_TXTS\1820s\1828\05\1828.05.31_TheIpswichJournal_0003.txt
208	318	316	I:\BL_TXTS\1820s\1828\06\1828.06.07_TheIpswichJournal_0004.txt	I:\BL_TXTS\1820s\1828\05\1828.05.03_TheIpswichJournal_0004.txt
202	351	349	I:\BL_TXTS\1820s\1828\06\1828.06.07_TheIpswichJournal_0004.txt	I:\BL_TXTS\1820s\1828\05\1828.05.10_TheIpswichJournal_0004.txt
261	435	435	I:\BL_TXTS\1820s\1828\06\1828.06.07_TheIpswichJournal_0004.txt	I:\BL_TXTS\1820s\1828\05\1828.05.17_TheIpswichJournal_0004.txt
370	587	561	I:\BL_TXTS\1820s\1828\06\1828.06.07_TheIpswichJournal_0004.txt	I:\BL_TXTS\1820s\1828\05\1828.05.24_TheIpswichJournal_0004.txt
224	367	357	I:\BL_TXTS\1820s\1828\06\1828.06.07_TheIpswichJournal_0004.txt	I:\BL_TXTS\1820s\1828\05\1828.05.31_TheIpswichJournal_0004.txt
249	353	349	I:\BL_TXTS\1820s\1828\06\1828.06.07_TheLeedsMercury_0002.txt	I:\BL_TXTS\1820s\1828\05\1828.05.31_TheIpswichJournal_0002.txt
470	762	743	I:\BL_TXTS\1820s\1828\06\1828.06.07_TheMorningChronicle_0004.txt	I:\BL_TXTS\1820s\1828\05\1828.05.17_TheMorningChronicle_0004.txt
438	735	708	I:\BL_TXTS\1820s\1828\06\1828.06.07_TheMorningChronicle_0004.txt	I:\BL_TXTS\1820s\1828\05\1828.05.31_TheMorningChronicle_0004.txt
202	261	269	I:\BL_TXTS\1820s\1828\06\1828.06.07_TheNewcastleCourantetc_0001.txt	I:\BL_TXTS\1820s\1828\05\1828.05.06_TheHullPacketandHumberMercury_0002.txt
200	261	267	I:\BL_TXTS\1820s\1828\06\1828.06.07_TheNewcastleCourantetc_0001.txt	I:\BL_TXTS\1820s\1828\05\1828.05.10_TheNewcastleCourantetc_0001.txt
351	472	469	I:\BL_TXTS\1820s\1828\06\1828.06.07_TheNewcastleCourantetc_0001.txt	I:\BL_TXTS\1820s\1828\05\1828.05.17_TheNewcastleCourantetc_0001.txt
241	339	344	I:\BL_TXTS\1820s\1828\06\1828.06.07_TheNewcastleCourantetc_0001.txt	I:\BL_TXTS\1820s\1828\05\1828.05.24_TheNewcastleCourantetc_0001.txt
371	535	537	I:\BL_TXTS\1820s\1828\06\1828.06.07_TheNewcastleCourantetc_0001.txt	I:\BL_TXTS\1820s\1828\05\1828.05.31_TheNewcastleCourantetc_0001.txt
357	487	515	I:\BL_TXTS\1820s\1828\06\1828.06.07_TheNewcastleCourantetc_0002.txt	I:\BL_TXTS\1820s\1828\05\1828.05.30_TheMorningChronicle_0003.txt
339	488	482	I:\BL_TXTS\1820s\1828\06\1828.06.07_TheNewcastleCourantetc_0002.txt	I:\BL_TXTS\1820s\1828\05\1828.05.31_TheIpswichJournal_0002.txt
376	499	505	I:\BL_TXTS\1820s\1828\06\1828.06.07_TheNewcastleCourantetc_0003.txt	I:\BL_TXTS\1820s\1828\05\1828.05.03_TheNewcastleCourantetc_0001.txt
250	351	354	I:\BL_TXTS\1820s\1828\06\1828.06.07_TheNewcastleCourantetc_0003.txt	I:\BL_TXTS\1820s\1828\05\1828.05.03_TheNewcastleCourantetc_0003.txt
399	624	629	I:\BL_TXTS\1820s\1828\06\1828.06.07_TheNewcastleCourantetc_0003.txt	I:\BL_TXTS\1820s\1828\05\1828.05.10_TheNewcastleCourantetc_0003.txt
269	450	448	I:\BL_TXTS\1820s\1828\06\1828.06.07_TheNewcastleCourantetc_0003.txt	I:\BL_TXTS\1820s\1828\05\1828.05.17_TheNewcastleCourantetc_0003.txt
459	737	732	I:\BL_TXTS\1820s\1828\06\1828.06.07_TheNewcastleCourantetc_0003.txt	I:\BL_TXTS\1820s\1828\05\1828.05.24_TheNewcastleCourantetc_0003.txt
932	1451	1496	I:\BL_TXTS\1820s\1828\06\1828.06.07_TheNewcastleCourantetc_0003.txt	I:\BL_TXTS\1820s\1828\05\1828.05.31_TheNewcastleCourantetc_0001.txt
553	840	850	I:\BL_TXTS\1820s\1828\06\1828.06.07_TheNewcastleCourantetc_0003.txt	I:\BL_TXTS\1820s\1828\05\1828.05.31_TheNewcastleCourantetc_0003.txt
240	382	380	I:\BL_TXTS\1820s\1828\06\1828.06.07_TheNewcastleCourantetc_0004.txt	I:\BL_TXTS\1820s\1828\05\1828.05.03_TheNewcastleCourantetc_0004.txt
269	430	438	I:\BL_TXTS\1820s\1828\06\1828.06.07_TheNewcastleCourantetc_0004.txt	I:\BL_TXTS\1820s\1828\05\1828.05.10_TheNewcastleCourantetc_0004.txt
263	400	388	I:\BL_TXTS\1820s\1828\06\1828.06.07_TheNewcastleCourantetc_0004.txt	I:\BL_TXTS\1820s\1828\05\1828.05.24_TheNewcastleCourantetc_0004.txt
307	507	497	I:\BL_TXTS\1820s\1828\06\1828.06.07_TheNewcastleCourantetc_0004.txt	I:\BL_TXTS\1820s\1828\05\1828.05.31_TheNewcastleCourantetc_0004.txt
202	254	257	I:\BL_TXTS\1820s\1828\06\1828.06.08_TheExaminer_0015.txt	I:\BL_TXTS\1820s\1828\05\1828.05.18_TheExaminer_0015.txt
207	311	302	I:\BL_TXTS\1820s\1828\06\1828.06.09_CaledonianMercury_0002.txt	I:\BL_TXTS\1820s\1828\05\1828.05.31_TheNewcastleCourantetc_0004.txt
237	405	418	I:\BL_TXTS\1820s\1828\06\1828.06.09_TheMorningChronicle_0004.txt	I:\BL_TXTS\1820s\1828\05\1828.05.19_TheMorningChronicle_0004.txt
304	550	532	I:\BL_TXTS\1820s\1828\06\1828.06.09_TheMorningChronicle_0004.txt	I:\BL_TXTS\1820s\1828\05\1828.05.26_TheMorningChronicle_0004.txt
211	366	359	I:\BL_TXTS\1820s\1828\06\1828.06.09_TheMorningChronicle_0004.txt	I:\BL_TXTS\1820s\1828\05\1828.05.29_TheMorningChronicle_0004.txt
323	432	444	I:\BL_TXTS\1820s\1828\06\1828.06.10_TheBelfastNews-Letter_0001.txt	I:\BL_TXTS\1820s\1828\05\1828.05.13_TheBelfastNews-Letter_0001.txt
320	463	472	I:\BL_TXTS\1820s\1828\06\1828.06.10_TheBelfastNews-Letter_0001.txt	I:\BL_TXTS\1820s\1828\05\1828.05.13_TheBelfastNews-Letter_0003.txt
249	336	340	I:\BL_TXTS\1820s\1828\06\1828.06.10_TheBelfastNews-Letter_0001.txt	I:\BL_TXTS\1820s\1828\05\1828.05.20_TheBelfastNews-Letter_0003.txt
558	777	763	I:\BL_TXTS\1820s\1828\06\1828.06.10_TheBelfastNews-Letter_0001.txt	I:\BL_TXTS\1820s\1828\05\1828.05.27_TheBelfastNews-Letter_0001.txt
312	427	430	I:\BL_TXTS\1820s\1828\06\1828.06.10_TheBelfastNews-Letter_0001.txt	I:\BL_TXTS\1820s\1828\05\1828.05.27_TheBelfastNews-Letter_0003.txt
506	694	695	I:\BL_TXTS\1820s\1828\06\1828.06.10_TheBelfastNews-Letter_0003.txt	I:\BL_TXTS\1820s\1828\05\1828.05.30_TheBelfastNews-Letter_0003.txt
219	356	369	I:\BL_TXTS\1820s\1828\06\1828.06.10_TheBristolMercury_0004.txt	I:\BL_TXTS\1820s\1828\05\1828.05.06_TheBristolMercury_0004.txt
284	434	420	I:\BL_TXTS\1820s\1828\06\1828.06.10_TheBristolMercury_0004.txt	I:\BL_TXTS\1820s\1828\05\1828.05.13_TheBristolMercury_0004.txt
320	539	543	I:\BL_TXTS\1820s\1828\06\1828.06.10_TheBristolMercury_0004.txt	I:\BL_TXTS\1820s\1828\05\1828.05.20_TheBristolMercury_0004.txt
321	491	488	I:\BL_TXTS\1820s\1828\06\1828.06.10_TheBristolMercury_0004.txt	I:\BL_TXTS\1820s\1828\05\1828.05.27_TheBristolMercury_0004.txt
325	454	448	I:\BL_TXTS\1820s\1828\06\1828.06.10_TheHullPacketandHumberMercury_0002.txt	I:\BL_TXTS\1820s\1828\05\1828.05.27_TheHullPacketandHumberMercury_0002.txt
376	553	556	I:\BL_TXTS\1820s\1828\06\1828.06.11_TheAberdeenJournal_0001.txt	I:\BL_TXTS\1820s\1828\05\1828.05.14_TheAberdeenJournal_0001.txt
266	375	377	I:\BL_TXTS\1820s\1828\06\1828.06.11_TheAberdeenJournal_0001.txt	I:\BL_TXTS\1820s\1828\05\1828.05.21_TheAberdeenJournal_0001.txt
588	899	916	I:\BL_TXTS\1820s\1828\06\1828.06.11_TheAberdeenJournal_0001.txt	I:\BL_TXTS\1820s\1828\05\1828.05.28_TheAberdeenJournal_0001.txt
472	737	743	I:\BL_TXTS\1820s\1828\06\1828.06.11_TheAberdeenJournal_0001.txt	I:\BL_TXTS\1820s\1828\05\1828.05.28_TheAberdeenJournal_0002.txt
209	312	309	I:\BL_TXTS\1820s\1828\06\1828.06.11_TheAberdeenJournal_0001.txt	I:\BL_TXTS\1820s\1828\05\1828.05.28_TheAberdeenJournal_0003.txt
469	646	643	I:\BL_TXTS\1820s\1828\06\1828.06.11_TheDerbyMercury_0001.txt	I:\BL_TXTS\1820s\1828\05\1828.05.07_TheDerbyMercury_0001.txt
540	761	760	I:\BL_TXTS\1820s\1828\06\1828.06.11_TheDerbyMercury_0001.txt	I:\BL_TXTS\1820s\1828\05\1828.05.07_TheDerbyMercury_0002.txt
401	566	559	I:\BL_TXTS\1820s\1828\06\1828.06.11_TheDerbyMercury_0001.txt	I:\BL_TXTS\1820s\1828\05\1828.05.07_TheDerbyMercury_0003.txt
1014	1362	1325	I:\BL_TXTS\1820s\1828\06\1828.06.11_TheDerbyMercury_0001.txt	I:\BL_TXTS\1820s\1828\05\1828.05.14_TheDerbyMercury_0001.txt
309	417	406	I:\BL_TXTS\1820s\1828\06\1828.06.11_TheDerbyMercury_0001.txt	I:\BL_TXTS\1820s\1828\05\1828.05.14_TheDerbyMercury_0002.txt
501	639	624	I:\BL_TXTS\1820s\1828\06\1828.06.11_TheDerbyMercury_0001.txt	I:\BL_TXTS\1820s\1828\05\1828.05.21_TheDerbyMercury_0001.txt
281	414	406	I:\BL_TXTS\1820s\1828\06\1828.06.11_TheDerbyMercury_0001.txt	I:\BL_TXTS\1820s\1828\05\1828.05.21_TheDerbyMercury_0002.txt
230	349	351	I:\BL_TXTS\1820s\1828\06\1828.06.11_TheDerbyMercury_0001.txt	I:\BL_TXTS\1820s\1828\05\1828.05.21_TheDerbyMercury_0003.txt
669	916	905	I:\BL_TXTS\1820s\1828\06\1828.06.11_TheDerbyMercury_0001.txt	I:\BL_TXTS\1820s\1828\05\1828.05.28_TheDerbyMercury_0001.txt
876	1150	1168	I:\BL_TXTS\1820s\1828\06\1828.06.11_TheDerbyMercury_0001.txt	I:\BL_TXTS\1820s\1828\05\1828.05.28_TheDerbyMercury_0002.txt
259	374	358	I:\BL_TXTS\1820s\1828\06\1828.06.11_TheDerbyMercury_0001.txt	I:\BL_TXTS\1820s\1828\05\1828.05.28_TheDerbyMercury_0003.txt
232	313	316	I:\BL_TXTS\1820s\1828\06\1828.06.11_TheDerbyMercury_0002.txt	I:\BL_TXTS\1820s\1828\05\1828.05.21_TheDerbyMercury_0002.txt
409	585	558	I:\BL_TXTS\1820s\1828\06\1828.06.11_TheDerbyMercury_0003.txt	I:\BL_TXTS\1820s\1828\05\1828.05.07_TheDerbyMercury_0003.txt
209	308	302	I:\BL_TXTS\1820s\1828\06\1828.06.11_TheDerbyMercury_0003.txt	I:\BL_TXTS\1820s\1828\05\1828.05.14_TheDerbyMercury_0001.txt
287	422	416	I:\BL_TXTS\1820s\1828\06\1828.06.11_TheDerbyMercury_0003.txt	I:\BL_TXTS\1820s\1828\05\1828.05.14_TheDerbyMercury_0003.txt
256	388	382	I:\BL_TXTS\1820s\1828\06\1828.06.11_TheDerbyMercury_0003.txt	I:\BL_TXTS\1820s\1828\05\1828.05.21_TheDerbyMercury_0003.txt
257	382	385	I:\BL_TXTS\1820s\1828\06\1828.06.11_TheDerbyMercury_0003.txt	I:\BL_TXTS\1820s\1828\05\1828.05.28_TheDerbyMercury_0002.txt
322	436	444	I:\BL_TXTS\1820s\1828\06\1828.06.11_TheDerbyMercury_0003.txt	I:\BL_TXTS\1820s\1828\05\1828.05.28_TheDerbyMercury_0003.txt
246	391	404	I:\BL_TXTS\1820s\1828\06\1828.06.11_TheDerbyMercury_0004.txt	I:\BL_TXTS\1820s\1828\05\1828.05.14_TheDerbyMercury_0004.txt
209	333	326	I:\BL_TXTS\1820s\1828\06\1828.06.11_TheDerbyMercury_0004.txt	I:\BL_TXTS\1820s\1828\05\1828.05.21_TheDerbyMercury_0004.txt
221	332	328	I:\BL_TXTS\1820s\1828\06\1828.06.11_TheDerbyMercury_0004.txt	I:\BL_TXTS\1820s\1828\05\1828.05.28_TheDerbyMercury_0004.txt
235	360	362	I:\BL_TXTS\1820s\1828\06\1828.06.12_CaledonianMercury_0001.txt	I:\BL_TXTS\1820s\1828\05\1828.05.17_CaledonianMercury_0001.txt
238	385	392	I:\BL_TXTS\1820s\1828\06\1828.06.12_CaledonianMercury_0001.txt	I:\BL_TXTS\1820s\1828\05\1828.05.29_CaledonianMercury_0001.txt
214	356	348	I:\BL_TXTS\1820s\1828\06\1828.06.12_NorthWalesChronicle_0003.txt	I:\BL_TXTS\1820s\1828\05\1828.05.01_NorthWalesChronicle_0003.txt
350	567	603	I:\BL_TXTS\1820s\1828\06\1828.06.12_TheMorningChronicle_0004.txt	I:\BL_TXTS\1820s\1828\05\1828.05.19_TheMorningChronicle_0004.txt
623	1087	1069	I:\BL_TXTS\1820s\1828\06\1828.06.12_TheMorningChronicle_0004.txt	I:\BL_TXTS\1820s\1828\05\1828.05.29_TheMorningChronicle_0004.txt
207	337	339	I:\BL_TXTS\1820s\1828\06\1828.06.13_LiverpoolMercuryetc_0004.txt	I:\BL_TXTS\1820s\1828\05\1828.05.23_LiverpoolMercuryetc_0004.txt
215	363	372	I:\BL_TXTS\1820s\1828\06\1828.06.13_LiverpoolMercuryetc_0004.txt	I:\BL_TXTS\1820s\1828\05\1828.05.30_LiverpoolMercuryetc_0004.txt
209	346	333	I:\BL_TXTS\1820s\1828\06\1828.06.13_LiverpoolMercuryetc_0007.txt	I:\BL_TXTS\1820s\1828\05\1828.05.02_LiverpoolMercuryetc_0007.txt
214	350	327	I:\BL_TXTS\1820s\1828\06\1828.06.13_LiverpoolMercuryetc_0007.txt	I:\BL_TXTS\1820s\1828\05\1828.05.09_LiverpoolMercuryetc_0007.txt
277	446	418	I:\BL_TXTS\1820s\1828\06\1828.06.13_LiverpoolMercuryetc_0007.txt	I:\BL_TXTS\1820s\1828\05\1828.05.16_LiverpoolMercuryetc_0007.txt
304	491	495	I:\BL_TXTS\1820s\1828\06\1828.06.13_TheBelfastNews-Letter_0001.txt	I:\BL_TXTS\1820s\1828\05\1828.05.09_TheBelfastNews-Letter_0001.txt
467	563	570	I:\BL_TXTS\1820s\1828\06\1828.06.13_TheBelfastNews-Letter_0002.txt	I:\BL_TXTS\1820s\1828\05\1828.05.24_TheNewcastleCourantetc_0002.txt
226	290	291	I:\BL_TXTS\1820s\1828\06\1828.06.13_TheBelfastNews-Letter_0003.txt	I:\BL_TXTS\1820s\1828\05\1828.05.16_TheBelfastNews-Letter_0003.txt
426	628	629	I:\BL_TXTS\1820s\1828\06\1828.06.13_TheBelfastNews-Letter_0003.txt	I:\BL_TXTS\1820s\1828\05\1828.05.23_TheBelfastNews-Letter_0003.txt
857	1192	1201	I:\BL_TXTS\1820s\1828\06\1828.06.13_TheBelfastNews-Letter_0003.txt	I:\BL_TXTS\1820s\1828\05\1828.05.30_TheBelfastNews-Letter_0003.txt
477	781	784	I:\BL_TXTS\1820s\1828\06\1828.06.13_TheBelfastNews-Letter_0004.txt	I:\BL_TXTS\1820s\1828\05\1828.05.02_TheBelfastNews-Letter_0004.txt
570	915	912	I:\BL_TXTS\1820s\1828\06\1828.06.13_TheBelfastNews-Letter_0004.txt	I:\BL_TXTS\1820s\1828\05\1828.05.09_TheBelfastNews-Letter_0004.txt
463	772	779	I:\BL_TXTS\1820s\1828\06\1828.06.13_TheBelfastNews-Letter_0004.txt	I:\BL_TXTS\1820s\1828\05\1828.05.16_TheBelfastNews-Letter_0004.txt
525	856	846	I:\BL_TXTS\1820s\1828\06\1828.06.13_TheBelfastNews-Letter_0004.txt	I:\BL_TXTS\1820s\1828\05\1828.05.23_TheBelfastNews-Letter_0004.txt
675	1073	1084	I:\BL_TXTS\1820s\1828\06\1828.06.13_TheBelfastNews-Letter_0004.txt	I:\BL_TXTS\1820s\1828\05\1828.05.30_TheBelfastNews-Letter_0004.txt
299	480	484	I:\BL_TXTS\1820s\1828\06\1828.06.14_TheIpswichJournal_0001.txt	I:\BL_TXTS\1820s\1828\05\1828.05.24_TheIpswichJournal_0001.txt
230	365	368	I:\BL_TXTS\1820s\1828\06\1828.06.14_TheIpswichJournal_0001.txt	I:\BL_TXTS\1820s\1828\05\1828.05.31_TheIpswichJournal_0001.txt
202	297	299	I:\BL_TXTS\1820s\1828\06\1828.06.14_TheIpswichJournal_0004.txt	I:\BL_TXTS\1820s\1828\05\1828.05.10_TheIpswichJournal_0001.txt
290	417	420	I:\BL_TXTS\1820s\1828\06\1828.06.14_TheIpswichJournal_0004.txt	I:\BL_TXTS\1820s\1828\05\1828.05.31_TheNewcastleCourantetc_0003.txt
231	403	407	I:\BL_TXTS\1820s\1828\06\1828.06.14_TheMorningChronicle_0004.txt	I:\BL_TXTS\1820s\1828\05\1828.05.31_TheMorningChronicle_0004.txt
203	283	280	I:\BL_TXTS\1820s\1828\06\1828.06.14_TheNewcastleCourantetc_0001.txt	I:\BL_TXTS\1820s\1828\05\1828.05.03_TheNewcastleCourantetc_0001.txt
276	409	407	I:\BL_TXTS\1820s\1828\06\1828.06.14_TheNewcastleCourantetc_0001.txt	I:\BL_TXTS\1820s\1828\05\1828.05.10_TheNewcastleCourantetc_0001.txt
376	496	497	I:\BL_TXTS\1820s\1828\06\1828.06.14_TheNewcastleCourantetc_0001.txt	I:\BL_TXTS\1820s\1828\05\1828.05.17_TheNewcastleCourantetc_0001.txt
334	462	461	I:\BL_TXTS\1820s\1828\06\1828.06.14_TheNewcastleCourantetc_0001.txt	I:\BL_TXTS\1820s\1828\05\1828.05.24_TheNewcastleCourantetc_0001.txt
242	372	373	I:\BL_TXTS\1820s\1828\06\1828.06.14_TheNewcastleCourantetc_0001.txt	I:\BL_TXTS\1820s\1828\05\1828.05.31_TheNewcastleCourantetc_0003.txt
583	967	973	I:\BL_TXTS\1820s\1828\06\1828.06.14_TheNewcastleCourantetc_0003.txt	I:\BL_TXTS\1820s\1828\05\1828.05.03_TheNewcastleCourantetc_0002.txt
277	400	405	I:\BL_TXTS\1820s\1828\06\1828.06.14_TheNewcastleCourantetc_0003.txt	I:\BL_TXTS\1820s\1828\05\1828.05.03_TheNewcastleCourantetc_0003.txt
596	960	964	I:\BL_TXTS\1820s\1828\06\1828.06.14_TheNewcastleCourantetc_0003.txt	I:\BL_TXTS\1820s\1828\05\1828.05.10_TheNewcastleCourantetc_0003.txt
502	834	843	I:\BL_TXTS\1820s\1828\06\1828.06.14_TheNewcastleCourantetc_0003.txt	I:\BL_TXTS\1820s\1828\05\1828.05.17_TheNewcastleCourantetc_0003.txt
224	369	371	I:\BL_TXTS\1820s\1828\06\1828.06.14_TheNewcastleCourantetc_0003.txt	I:\BL_TXTS\1820s\1828\05\1828.05.20_TheBristolMercury_0002.txt
675	1064	1071	I:\BL_TXTS\1820s\1828\06\1828.06.14_TheNewcastleCourantetc_0003.txt	I:\BL_TXTS\1820s\1828\05\1828.05.24_TheNewcastleCourantetc_0003.txt
1010	1347	1347	I:\BL_TXTS\1820s\1828\06\1828.06.14_TheNewcastleCourantetc_0003.txt	I:\BL_TXTS\1820s\1828\05\1828.05.31_TheNewcastleCourantetc_0001.txt
954	1500	1520	I:\BL_TXTS\1820s\1828\06\1828.06.14_TheNewcastleCourantetc_0003.txt	I:\BL_TXTS\1820s\1828\05\1828.05.31_TheNewcastleCourantetc_0003.txt
381	629	636	I:\BL_TXTS\1820s\1828\06\1828.06.14_TheNewcastleCourantetc_0004.txt	I:\BL_TXTS\1820s\1828\05\1828.05.03_TheNewcastleCourantetc_0004.txt
380	617	600	I:\BL_TXTS\1820s\1828\06\1828.06.14_TheNewcastleCourantetc_0004.txt	I:\BL_TXTS\1820s\1828\05\1828.05.10_TheNewcastleCourantetc_0004.txt
418	696	689	I:\BL_TXTS\1820s\1828\06\1828.06.14_TheNewcastleCourantetc_0004.txt	I:\BL_TXTS\1820s\1828\05\1828.05.17_TheNewcastleCourantetc_0004.txt
519	834	838	I:\BL_TXTS\1820s\1828\06\1828.06.14_TheNewcastleCourantetc_0004.txt	I:\BL_TXTS\1820s\1828\05\1828.05.24_TheNewcastleCourantetc_0004.txt
412	673	671	I:\BL_TXTS\1820s\1828\06\1828.06.14_TheNewcastleCourantetc_0004.txt	I:\BL_TXTS\1820s\1828\05\1828.05.31_TheNewcastleCourantetc_0004.txt
348	437	432	I:\BL_TXTS\1820s\1828\06\1828.06.15_TheExaminer_0014.txt	I:\BL_TXTS\1820s\1828\05\1828.05.04_TheExaminer_0015.txt
303	395	395	I:\BL_TXTS\1820s\1828\06\1828.06.15_TheExaminer_0014.txt	I:\BL_TXTS\1820s\1828\05\1828.05.18_TheExaminer_0015.txt
286	477	485	I:\BL_TXTS\1820s\1828\06\1828.06.16_CaledonianMercury_0004.txt	I:\BL_TXTS\1820s\1828\05\1828.05.12_CaledonianMercury_0004.txt
267	446	437	I:\BL_TXTS\1820s\1828\06\1828.06.16_CaledonianMercury_0004.txt	I:\BL_TXTS\1820s\1828\05\1828.05.19_CaledonianMercury_0004.txt
222	388	389	I:\BL_TXTS\1820s\1828\06\1828.06.16_CaledonianMercury_0004.txt	I:\BL_TXTS\1820s\1828\05\1828.05.26_CaledonianMercury_0004.txt
230	388	395	I:\BL_TXTS\1820s\1828\06\1828.06.16_TheMorningChronicle_0001.txt	I:\BL_TXTS\1820s\1828\05\1828.05.05_TheMorningChronicle_0001.txt
205	337	355	I:\BL_TXTS\1820s\1828\06\1828.06.16_TheMorningChronicle_0004.txt	I:\BL_TXTS\1820s\1828\05\1828.05.19_TheMorningChronicle_0004.txt
400	645	644	I:\BL_TXTS\1820s\1828\06\1828.06.16_TheMorningChronicle_0004.txt	I:\BL_TXTS\1820s\1828\05\1828.05.29_TheMorningChronicle_0004.txt
767	998	997	I:\BL_TXTS\1820s\1828\06\1828.06.17_TheBelfastNews-Letter_0003.txt	I:\BL_TXTS\1820s\1828\05\1828.05.30_TheBelfastNews-Letter_0003.txt
253	403	404	I:\BL_TXTS\1820s\1828\06\1828.06.17_TheBristolMercury_0003.txt	I:\BL_TXTS\1820s\1828\05\1828.05.13_TheBristolMercury_0003.txt
226	347	359	I:\BL_TXTS\1820s\1828\06\1828.06.17_TheBristolMercury_0004.txt	I:\BL_TXTS\1820s\1828\05\1828.05.06_TheBristolMercury_0004.txt
351	522	508	I:\BL_TXTS\1820s\1828\06\1828.06.17_TheBristolMercury_0004.txt	I:\BL_TXTS\1820s\1828\05\1828.05.13_TheBristolMercury_0004.txt
323	522	508	I:\BL_TXTS\1820s\1828\06\1828.06.17_TheBristolMercury_0004.txt	I:\BL_TXTS\1820s\1828\05\1828.05.20_TheBristolMercury_0004.txt
386	610	591	I:\BL_TXTS\1820s\1828\06\1828.06.17_TheBristolMercury_0004.txt	I:\BL_TXTS\1820s\1828\05\1828.05.27_TheBristolMercury_0004.txt
240	346	345	I:\BL_TXTS\1820s\1828\06\1828.06.17_TheHullPacketandHumberMercury_0002.txt	I:\BL_TXTS\1820s\1828\05\1828.05.27_TheHullPacketandHumberMercury_0002.txt
234	313	320	I:\BL_TXTS\1820s\1828\06\1828.06.18_TheDerbyMercury_0001.txt	I:\BL_TXTS\1820s\1828\05\1828.05.07_TheDerbyMercury_0001.txt
246	339	335	I:\BL_TXTS\1820s\1828\06\1828.06.18_TheDerbyMercury_0001.txt	I:\BL_TXTS\1820s\1828\05\1828.05.07_TheDerbyMercury_0003.txt
352	492	487	I:\BL_TXTS\1820s\1828\06\1828.06.18_TheDerbyMercury_0001.txt	I:\BL_TXTS\1820s\1828\05\1828.05.14_TheDerbyMercury_0001.txt
326	444	439	I:\BL_TXTS\1820s\1828\06\1828.06.18_TheDerbyMercury_0001.txt	I:\BL_TXTS\1820s\1828\05\1828.05.21_TheDerbyMercury_0001.txt
379	531	519	I:\BL_TXTS\1820s\1828\06\1828.06.18_TheDerbyMercury_0001.txt	I:\BL_TXTS\1820s\1828\05\1828.05.28_TheDerbyMercury_0001.txt
222	316	313	I:\BL_TXTS\1820s\1828\06\1828.06.18_TheDerbyMercury_0002.txt	I:\BL_TXTS\1820s\1828\05\1828.05.14_TheDerbyMercury_0001.txt
220	270	260	I:\BL_TXTS\1820s\1828\06\1828.06.18_TheDerbyMercury_0002.txt	I:\BL_TXTS\1820s\1828\05\1828.05.31_TheNewcastleCourantetc_0004.txt
264	375	376	I:\BL_TXTS\1820s\1828\06\1828.06.18_TheDerbyMercury_0003.txt	I:\BL_TXTS\1820s\1828\05\1828.05.07_TheDerbyMercury_0003.txt
230	333	325	I:\BL_TXTS\1820s\1828\06\1828.06.18_TheDerbyMercury_0003.txt	I:\BL_TXTS\1820s\1828\05\1828.05.14_TheDerbyMercury_0001.txt
207	265	264	I:\BL_TXTS\1820s\1828\06\1828.06.18_TheDerbyMercury_0003.txt	I:\BL_TXTS\1820s\1828\05\1828.05.21_TheDerbyMercury_0001.txt
255	356	351	I:\BL_TXTS\1820s\1828\06\1828.06.18_TheDerbyMercury_0003.txt	I:\BL_TXTS\1820s\1828\05\1828.05.21_TheDerbyMercury_0002.txt
206	313	315	I:\BL_TXTS\1820s\1828\06\1828.06.18_TheDerbyMercury_0003.txt	I:\BL_TXTS\1820s\1828\05\1828.05.28_TheDerbyMercury_0002.txt
364	640	675	I:\BL_TXTS\1820s\1828\06\1828.06.19_TheMorningChronicle_0004.txt	I:\BL_TXTS\1820s\1828\05\1828.05.19_TheMorningChronicle_0004.txt
364	617	614	I:\BL_TXTS\1820s\1828\06\1828.06.19_TheMorningChronicle_0004.txt	I:\BL_TXTS\1820s\1828\05\1828.05.29_TheMorningChronicle_0004.txt
299	472	475	I:\BL_TXTS\1820s\1828\06\1828.06.20_LiverpoolMercuryetc_0004.txt	I:\BL_TXTS\1820s\1828\05\1828.05.02_LiverpoolMercuryetc_0004.txt
284	431	438	I:\BL_TXTS\1820s\1828\06\1828.06.20_LiverpoolMercuryetc_0004.txt	I:\BL_TXTS\1820s\1828\05\1828.05.16_LiverpoolMercuryetc_0004.txt
314	478	484	I:\BL_TXTS\1820s\1828\06\1828.06.20_LiverpoolMercuryetc_0004.txt	I:\BL_TXTS\1820s\1828\05\1828.05.23_LiverpoolMercuryetc_0004.txt
367	591	596	I:\BL_TXTS\1820s\1828\06\1828.06.20_LiverpoolMercuryetc_0004.txt	I:\BL_TXTS\1820s\1828\05\1828.05.30_LiverpoolMercuryetc_0004.txt
508	790	793	I:\BL_TXTS\1820s\1828\06\1828.06.20_LiverpoolMercuryetc_0007.txt	I:\BL_TXTS\1820s\1828\05\1828.05.09_LiverpoolMercuryetc_0007.txt
201	314	311	I:\BL_TXTS\1820s\1828\06\1828.06.20_LiverpoolMercuryetc_0007.txt	I:\BL_TXTS\1820s\1828\05\1828.05.13_TheBristolMercury_0003.txt
333	471	477	I:\BL_TXTS\1820s\1828\06\1828.06.20_LiverpoolMercuryetc_0007.txt	I:\BL_TXTS\1820s\1828\05\1828.05.16_LiverpoolMercuryetc_0007.txt
249	376	398	I:\BL_TXTS\1820s\1828\06\1828.06.20_LiverpoolMercuryetc_0007.txt	I:\BL_TXTS\1820s\1828\05\1828.05.23_LiverpoolMercuryetc_0007.txt
217	355	355	I:\BL_TXTS\1820s\1828\06\1828.06.20_LiverpoolMercuryetc_0007.txt	I:\BL_TXTS\1820s\1828\05\1828.05.30_LiverpoolMercuryetc_0007.txt
496	835	844	I:\BL_TXTS\1820s\1828\06\1828.06.20_TheBelfastNews-Letter_0004.txt	I:\BL_TXTS\1820s\1828\05\1828.05.02_TheBelfastNews-Letter_0004.txt
653	1081	1076	I:\BL_TXTS\1820s\1828\06\1828.06.20_TheBelfastNews-Letter_0004.txt	I:\BL_TXTS\1820s\1828\05\1828.05.09_TheBelfastNews-Letter_0004.txt
496	783	805	I:\BL_TXTS\1820s\1828\06\1828.06.20_TheBelfastNews-Letter_0004.txt	I:\BL_TXTS\1820s\1828\05\1828.05.16_TheBelfastNews-Letter_0004.txt
627	999	1001	I:\BL_TXTS\1820s\1828\06\1828.06.20_TheBelfastNews-Letter_0004.txt	I:\BL_TXTS\1820s\1828\05\1828.05.23_TheBelfastNews-Letter_0004.txt
607	977	994	I:\BL_TXTS\1820s\1828\06\1828.06.20_TheBelfastNews-Letter_0004.txt	I:\BL_TXTS\1820s\1828\05\1828.05.30_TheBelfastNews-Letter_0004.txt
218	324	315	I:\BL_TXTS\1820s\1828\06\1828.06.21_TheIpswichJournal_0004.txt	I:\BL_TXTS\1820s\1828\05\1828.05.24_TheIpswichJournal_0001.txt
232	400	397	I:\BL_TXTS\1820s\1828\06\1828.06.21_TheIpswichJournal_0004.txt	I:\BL_TXTS\1820s\1828\05\1828.05.24_TheIpswichJournal_0004.txt
242	331	329	I:\BL_TXTS\1820s\1828\06\1828.06.21_TheNewcastleCourantetc_0001.txt	I:\BL_TXTS\1820s\1828\05\1828.05.10_TheNewcastleCourantetc_0001.txt
312	525	524	I:\BL_TXTS\1820s\1828\06\1828.06.21_TheNewcastleCourantetc_0003.txt	I:\BL_TXTS\1820s\1828\05\1828.05.03_TheNewcastleCourantetc_0002.txt
276	445	440	I:\BL_TXTS\1820s\1828\06\1828.06.21_TheNewcastleCourantetc_0003.txt	I:\BL_TXTS\1820s\1828\05\1828.05.03_TheNewcastleCourantetc_0003.txt
569	950	934	I:\BL_TXTS\1820s\1828\06\1828.06.21_TheNewcastleCourantetc_0003.txt	I:\BL_TXTS\1820s\1828\05\1828.05.10_TheNewcastleCourantetc_0003.txt
370	633	629	I:\BL_TXTS\1820s\1828\06\1828.06.21_TheNewcastleCourantetc_0003.txt	I:\BL_TXTS\1820s\1828\05\1828.05.17_TheNewcastleCourantetc_0003.txt
701	1153	1128	I:\BL_TXTS\1820s\1828\06\1828.06.21_TheNewcastleCourantetc_0003.txt	I:\BL_TXTS\1820s\1828\05\1828.05.24_TheNewcastleCourantetc_0003.txt
246	366	367	I:\BL_TXTS\1820s\1828\06\1828.06.21_TheNewcastleCourantetc_0003.txt	I:\BL_TXTS\1820s\1828\05\1828.05.31_TheNewcastleCourantetc_0001.txt
701	1185	1167	I:\BL_TXTS\1820s\1828\06\1828.06.21_TheNewcastleCourantetc_0003.txt	I:\BL_TXTS\1820s\1828\05\1828.05.31_TheNewcastleCourantetc_0003.txt
454	772	780	I:\BL_TXTS\1820s\1828\06\1828.06.21_TheNewcastleCourantetc_0004.txt	I:\BL_TXTS\1820s\1828\05\1828.05.03_TheNewcastleCourantetc_0004.txt
395	662	657	I:\BL_TXTS\1820s\1828\06\1828.06.21_TheNewcastleCourantetc_0004.txt	I:\BL_TXTS\1820s\1828\05\1828.05.10_TheNewcastleCourantetc_0004.txt
406	710	705	I:\BL_TXTS\1820s\1828\06\1828.06.21_TheNewcastleCourantetc_0004.txt	I:\BL_TXTS\1820s\1828\05\1828.05.17_TheNewcastleCourantetc_0004.txt
471	764	762	I:\BL_TXTS\1820s\1828\06\1828.06.21_TheNewcastleCourantetc_0004.txt	I:\BL_TXTS\1820s\1828\05\1828.05.24_TheNewcastleCourantetc_0004.txt
304	437	435	I:\BL_TXTS\1820s\1828\06\1828.06.21_TheNewcastleCourantetc_0004.txt	I:\BL_TXTS\1820s\1828\05\1828.05.31_TheNewcastleCourantetc_0001.txt
373	594	600	I:\BL_TXTS\1820s\1828\06\1828.06.21_TheNewcastleCourantetc_0004.txt	I:\BL_TXTS\1820s\1828\05\1828.05.31_TheNewcastleCourantetc_0004.txt
252	416	415	I:\BL_TXTS\1820s\1828\06\1828.06.23_TheMorningChronicle_0004.txt	I:\BL_TXTS\1820s\1828\05\1828.05.29_TheMorningChronicle_0004.txt
242	430	443	I:\BL_TXTS\1820s\1828\06\1828.06.23_TheMorningChronicle_0004.txt	I:\BL_TXTS\1820s\1828\05\1828.05.31_TheMorningChronicle_0004.txt
283	432	433	I:\BL_TXTS\1820s\1828\06\1828.06.24_TheBelfastNews-Letter_0001.txt	I:\BL_TXTS\1820s\1828\05\1828.05.13_TheBelfastNews-Letter_0001.txt
396	602	600	I:\BL_TXTS\1820s\1828\06\1828.06.24_TheBelfastNews-Letter_0001.txt	I:\BL_TXTS\1820s\1828\05\1828.05.27_TheBelfastNews-Letter_0001.txt
323	431	424	I:\BL_TXTS\1820s\1828\06\1828.06.24_TheBelfastNews-Letter_0001.txt	I:\BL_TXTS\1820s\1828\05\1828.05.30_TheBelfastNews-Letter_0003.txt
233	365	338	I:\BL_TXTS\1820s\1828\06\1828.06.24_TheBristolMercury_0004.txt	I:\BL_TXTS\1820s\1828\05\1828.05.13_TheBristolMercury_0004.txt
249	406	402	I:\BL_TXTS\1820s\1828\06\1828.06.24_TheBristolMercury_0004.txt	I:\BL_TXTS\1820s\1828\05\1828.05.20_TheBristolMercury_0004.txt
258	404	386	I:\BL_TXTS\1820s\1828\06\1828.06.24_TheBristolMercury_0004.txt	I:\BL_TXTS\1820s\1828\05\1828.05.27_TheBristolMercury_0004.txt
210	270	265	I:\BL_TXTS\1820s\1828\06\1828.06.24_TheHullPacketandHumberMercury_0002.txt	I:\BL_TXTS\1820s\1828\05\1828.05.06_TheHullPacketandHumberMercury_0002.txt
293	422	432	I:\BL_TXTS\1820s\1828\06\1828.06.24_TheHullPacketandHumberMercury_0002.txt	I:\BL_TXTS\1820s\1828\05\1828.05.13_TheHullPacketandHumberMercury_0001.txt
305	383	393	I:\BL_TXTS\1820s\1828\06\1828.06.24_TheHullPacketandHumberMercury_0002.txt	I:\BL_TXTS\1820s\1828\05\1828.05.20_TheHullPacketandHumberMercury_0001.txt
555	817	823	I:\BL_TXTS\1820s\1828\06\1828.06.24_TheHullPacketandHumberMercury_0002.txt	I:\BL_TXTS\1820s\1828\05\1828.05.27_TheHullPacketandHumberMercury_0001.txt
306	354	359	I:\BL_TXTS\1820s\1828\06\1828.06.24_TheHullPacketandHumberMercury_0002.txt	I:\BL_TXTS\1820s\1828\05\1828.05.28_TheDerbyMercury_0003.txt
290	351	355	I:\BL_TXTS\1820s\1828\06\1828.06.24_TheHullPacketandHumberMercury_0002.txt	I:\BL_TXTS\1820s\1828\05\1828.05.28_TheDerbyMercury_0004.txt
474	618	629	I:\BL_TXTS\1820s\1828\06\1828.06.25_TheDerbyMercury_0001.txt	I:\BL_TXTS\1820s\1828\05\1828.05.07_TheDerbyMercury_0001.txt
288	373	370	I:\BL_TXTS\1820s\1828\06\1828.06.25_TheDerbyMercury_0001.txt	I:\BL_TXTS\1820s\1828\05\1828.05.07_TheDerbyMercury_0003.txt
447	606	601	I:\BL_TXTS\1820s\1828\06\1828.06.25_TheDerbyMercury_0001.txt	I:\BL_TXTS\1820s\1828\05\1828.05.14_TheDerbyMercury_0001.txt
247	332	328	I:\BL_TXTS\1820s\1828\06\1828.06.25_TheDerbyMercury_0001.txt	I:\BL_TXTS\1820s\1828\05\1828.05.14_TheDerbyMercury_0002.txt
412	544	532	I:\BL_TXTS\1820s\1828\06\1828.06.25_TheDerbyMercury_0001.txt	I:\BL_TXTS\1820s\1828\05\1828.05.21_TheDerbyMercury_0001.txt
230	346	345	I:\BL_TXTS\1820s\1828\06\1828.06.25_TheDerbyMercury_0001.txt	I:\BL_TXTS\1820s\1828\05\1828.05.21_TheDerbyMercury_0002.txt
552	769	783	I:\BL_TXTS\1820s\1828\06\1828.06.25_TheDerbyMercury_0001.txt	I:\BL_TXTS\1820s\1828\05\1828.05.28_TheDerbyMercury_0001.txt
208	309	303	I:\BL_TXTS\1820s\1828\06\1828.06.25_TheDerbyMercury_0002.txt	I:\BL_TXTS\1820s\1828\05\1828.05.14_TheDerbyMercury_0001.txt
275	409	406	I:\BL_TXTS\1820s\1828\06\1828.06.25_TheDerbyMercury_0002.txt	I:\BL_TXTS\1820s\1828\05\1828.05.21_TheDerbyMercury_0002.txt
203	311	324	I:\BL_TXTS\1820s\1828\06\1828.06.25_TheDerbyMercury_0004.txt	I:\BL_TXTS\1820s\1828\05\1828.05.14_TheDerbyMercury_0004.txt
248	416	423	I:\BL_TXTS\1820s\1828\06\1828.06.26_NorthWalesChronicle_0003.txt	I:\BL_TXTS\1820s\1828\05\1828.05.01_NorthWalesChronicle_0003.txt
255	408	415	I:\BL_TXTS\1820s\1828\06\1828.06.26_NorthWalesChronicle_0003.txt	I:\BL_TXTS\1820s\1828\05\1828.05.15_NorthWalesChronicle_0003.txt
282	493	492	I:\BL_TXTS\1820s\1828\06\1828.06.26_TheMorningChronicle_0001.txt	I:\BL_TXTS\1820s\1828\05\1828.05.15_TheMorningChronicle_0001.txt
227	367	367	I:\BL_TXTS\1820s\1828\06\1828.06.26_TheMorningChronicle_0002.txt	I:\BL_TXTS\1820s\1828\05\1828.05.28_TheMorningChronicle_0001.txt
345	578	615	I:\BL_TXTS\1820s\1828\06\1828.06.26_TheMorningChronicle_0004.txt	I:\BL_TXTS\1820s\1828\05\1828.05.19_TheMorningChronicle_0004.txt
231	353	345	I:\BL_TXTS\1820s\1828\06\1828.06.27_LiverpoolMercuryetc_0004.txt	I:\BL_TXTS\1820s\1828\05\1828.05.02_LiverpoolMercuryetc_0004.txt
254	391	389	I:\BL_TXTS\1820s\1828\06\1828.06.27_LiverpoolMercuryetc_0004.txt	I:\BL_TXTS\1820s\1828\05\1828.05.23_LiverpoolMercuryetc_0004.txt
213	339	330	I:\BL_TXTS\1820s\1828\06\1828.06.27_LiverpoolMercuryetc_0004.txt	I:\BL_TXTS\1820s\1828\05\1828.05.30_LiverpoolMercuryetc_0004.txt
333	558	529	I:\BL_TXTS\1820s\1828\06\1828.06.27_LiverpoolMercuryetc_0007.txt	I:\BL_TXTS\1820s\1828\05\1828.05.09_LiverpoolMercuryetc_0007.txt
222	353	350	I:\BL_TXTS\1820s\1828\06\1828.06.27_LiverpoolMercuryetc_0007.txt	I:\BL_TXTS\1820s\1828\05\1828.05.16_LiverpoolMercuryetc_0007.txt
450	719	744	I:\BL_TXTS\1820s\1828\06\1828.06.27_TheBelfastNews-Letter_0004.txt	I:\BL_TXTS\1820s\1828\05\1828.05.02_TheBelfastNews-Letter_0004.txt
574	937	934	I:\BL_TXTS\1820s\1828\06\1828.06.27_TheBelfastNews-Letter_0004.txt	I:\BL_TXTS\1820s\1828\05\1828.05.09_TheBelfastNews-Letter_0004.txt
511	819	840	I:\BL_TXTS\1820s\1828\06\1828.06.27_TheBelfastNews-Letter_0004.txt	I:\BL_TXTS\1820s\1828\05\1828.05.16_TheBelfastNews-Letter_0004.txt
562	875	878	I:\BL_TXTS\1820s\1828\06\1828.06.27_TheBelfastNews-Letter_0004.txt	I:\BL_TXTS\1820s\1828\05\1828.05.23_TheBelfastNews-Letter_0004.txt
558	889	917	I:\BL_TXTS\1820s\1828\06\1828.06.27_TheBelfastNews-Letter_0004.txt	I:\BL_TXTS\1820s\1828\05\1828.05.30_TheBelfastNews-Letter_0004.txt
219	342	337	I:\BL_TXTS\1820s\1828\06\1828.06.28_TheIpswichJournal_0004.txt	I:\BL_TXTS\1820s\1828\05\1828.05.24_TheIpswichJournal_0004.txt
368	513	508	I:\BL_TXTS\1820s\1828\06\1828.06.28_TheNewcastleCourantetc_0001.txt	I:\BL_TXTS\1820s\1828\05\1828.05.03_TheNewcastleCourantetc_0001.txt
263	346	346	I:\BL_TXTS\1820s\1828\06\1828.06.28_TheNewcastleCourantetc_0001.txt	I:\BL_TXTS\1820s\1828\05\1828.05.17_TheNewcastleCourantetc_0001.txt
552	903	902	I:\BL_TXTS\1820s\1828\06\1828.06.28_TheNewcastleCourantetc_0003.txt	I:\BL_TXTS\1820s\1828\05\1828.05.03_TheNewcastleCourantetc_0002.txt
342	474	488	I:\BL_TXTS\1820s\1828\06\1828.06.28_TheNewcastleCourantetc_0003.txt	I:\BL_TXTS\1820s\1828\05\1828.05.03_TheNewcastleCourantetc_0003.txt
659	1083	1082	I:\BL_TXTS\1820s\1828\06\1828.06.28_TheNewcastleCourantetc_0003.txt	I:\BL_TXTS\1820s\1828\05\1828.05.10_TheNewcastleCourantetc_0003.txt
431	709	714	I:\BL_TXTS\1820s\1828\06\1828.06.28_TheNewcastleCourantetc_0003.txt	I:\BL_TXTS\1820s\1828\05\1828.05.17_TheNewcastleCourantetc_0003.txt
677	1090	1090	I:\BL_TXTS\1820s\1828\06\1828.06.28_TheNewcastleCourantetc_0003.txt	I:\BL_TXTS\1820s\1828\05\1828.05.24_TheNewcastleCourantetc_0003.txt
421	555	563	I:\BL_TXTS\1820s\1828\06\1828.06.28_TheNewcastleCourantetc_0003.txt	I:\BL_TXTS\1820s\1828\05\1828.05.31_TheNewcastleCourantetc_0001.txt
705	1126	1121	I:\BL_TXTS\1820s\1828\06\1828.06.28_TheNewcastleCourantetc_0003.txt	I:\BL_TXTS\1820s\1828\05\1828.05.31_TheNewcastleCourantetc_0003.txt
344	563	556	I:\BL_TXTS\1820s\1828\06\1828.06.28_TheNewcastleCourantetc_0004.txt	I:\BL_TXTS\1820s\1828\05\1828.05.03_TheNewcastleCourantetc_0004.txt
314	504	500	I:\BL_TXTS\1820s\1828\06\1828.06.28_TheNewcastleCourantetc_0004.txt	I:\BL_TXTS\1820s\1828\05\1828.05.10_TheNewcastleCourantetc_0004.txt
379	633	626	I:\BL_TXTS\1820s\1828\06\1828.06.28_TheNewcastleCourantetc_0004.txt	I:\BL_TXTS\1820s\1828\05\1828.05.17_TheNewcastleCourantetc_0004.txt
339	544	561	I:\BL_TXTS\1820s\1828\06\1828.06.28_TheNewcastleCourantetc_0004.txt	I:\BL_TXTS\1820s\1828\05\1828.05.24_TheNewcastleCourantetc_0004.txt
374	596	606	I:\BL_TXTS\1820s\1828\06\1828.06.28_TheNewcastleCourantetc_0004.txt	I:\BL_TXTS\1820s\1828\05\1828.05.31_TheNewcastleCourantetc_0004.txt
218	248	248	I:\BL_TXTS\1820s\1828\06\1828.06.29_TheExaminer_0014.txt	I:\BL_TXTS\1820s\1828\05\1828.05.18_TheExaminer_0015.txt
214	251	251	I:\BL_TXTS\1820s\1828\06\1828.06.29_TheExaminer_0014.txt	I:\BL_TXTS\1820s\1828\05\1828.05.25_TheExaminer_0014.txt
291	464	458	I:\BL_TXTS\1820s\1828\06\1828.06.30_CaledonianMercury_0004.txt	I:\BL_TXTS\1820s\1828\05\1828.05.12_CaledonianMercury_0004.txt
226	366	358	I:\BL_TXTS\1820s\1828\06\1828.06.30_CaledonianMercury_0004.txt	I:\BL_TXTS\1820s\1828\05\1828.05.19_CaledonianMercury_0004.txt
269	442	453	I:\BL_TXTS\1820s\1828\06\1828.06.30_CaledonianMercury_0004.txt	I:\BL_TXTS\1820s\1828\05\1828.05.26_CaledonianMercury_0004.txt
227	381	393	I:\BL_TXTS\1820s\1828\07\1828.07.01_TheBelfastNews-Letter_0004.txt	I:\BL_TXTS\1820s\1828\05\1828.05.27_TheBelfastNews-Letter_0004.txt
267	452	452	I:\BL_TXTS\1820s\1828\07\1828.07.01_TheBristolMercury_0001.txt	I:\BL_TXTS\1820s\1828\05\1828.05.20_TheBristolMercury_0002.txt
348	479	469	I:\BL_TXTS\1820s\1828\07\1828.07.01_TheBristolMercury_0004.txt	I:\BL_TXTS\1820s\1828\05\1828.05.13_TheBristolMercury_0004.txt
320	479	479	I:\BL_TXTS\1820s\1828\07\1828.07.01_TheBristolMercury_0004.txt	I:\BL_TXTS\1820s\1828\05\1828.05.20_TheBristolMercury_0004.txt
371	550	538	I:\BL_TXTS\1820s\1828\07\1828.07.01_TheBristolMercury_0004.txt	I:\BL_TXTS\1820s\1828\05\1828.05.27_TheBristolMercury_0004.txt
247	380	369	I:\BL_TXTS\1820s\1828\07\1828.07.01_TheHullPacketandHumberMercury_0001.txt	I:\BL_TXTS\1820s\1828\05\1828.05.06_TheHullPacketandHumberMercury_0001.txt
280	368	361	I:\BL_TXTS\1820s\1828\07\1828.07.01_TheHullPacketandHumberMercury_0002.txt	I:\BL_TXTS\1820s\1828\05\1828.05.24_TheNewcastleCourantetc_0001.txt
212	307	299	I:\BL_TXTS\1820s\1828\07\1828.07.02_TheAberdeenJournal_0003.txt	I:\BL_TXTS\1820s\1828\05\1828.05.03_TheNewcastleCourantetc_0003.txt
258	349	346	I:\BL_TXTS\1820s\1828\07\1828.07.02_TheAberdeenJournal_0003.txt	I:\BL_TXTS\1820s\1828\05\1828.05.17_TheNewcastleCourantetc_0001.txt
533	723	735	I:\BL_TXTS\1820s\1828\07\1828.07.02_TheDerbyMercury_0001.txt	I:\BL_TXTS\1820s\1828\05\1828.05.07_TheDerbyMercury_0001.txt
216	305	301	I:\BL_TXTS\1820s\1828\07\1828.07.02_TheDerbyMercury_0001.txt	I:\BL_TXTS\1820s\1828\05\1828.05.07_TheDerbyMercury_0003.txt
286	400	390	I:\BL_TXTS\1820s\1828\07\1828.07.02_TheDerbyMercury_0001.txt	I:\BL_TXTS\1820s\1828\05\1828.05.14_TheDerbyMercury_0001.txt
258	359	367	I:\BL_TXTS\1820s\1828\07\1828.07.02_TheDerbyMercury_0001.txt	I:\BL_TXTS\1820s\1828\05\1828.05.14_TheDerbyMercury_0002.txt
345	437	441	I:\BL_TXTS\1820s\1828\07\1828.07.02_TheDerbyMercury_0001.txt	I:\BL_TXTS\1820s\1828\05\1828.05.21_TheDerbyMercury_0001.txt
368	534	528	I:\BL_TXTS\1820s\1828\07\1828.07.02_TheDerbyMercury_0001.txt	I:\BL_TXTS\1820s\1828\05\1828.05.21_TheDerbyMercury_0002.txt
391	523	518	I:\BL_TXTS\1820s\1828\07\1828.07.02_TheDerbyMercury_0001.txt	I:\BL_TXTS\1820s\1828\05\1828.05.28_TheDerbyMercury_0001.txt
250	365	363	I:\BL_TXTS\1820s\1828\07\1828.07.02_TheDerbyMercury_0002.txt	I:\BL_TXTS\1820s\1828\05\1828.05.14_TheDerbyMercury_0001.txt
209	296	306	I:\BL_TXTS\1820s\1828\07\1828.07.02_TheDerbyMercury_0002.txt	I:\BL_TXTS\1820s\1828\05\1828.05.28_TheDerbyMercury_0001.txt
242	326	317	I:\BL_TXTS\1820s\1828\07\1828.07.02_TheDerbyMercury_0003.txt	I:\BL_TXTS\1820s\1828\05\1828.05.07_TheDerbyMercury_0001.txt
233	333	343	I:\BL_TXTS\1820s\1828\07\1828.07.02_TheDerbyMercury_0003.txt	I:\BL_TXTS\1820s\1828\05\1828.05.07_TheDerbyMercury_0003.txt
264	448	461	I:\BL_TXTS\1820s\1828\07\1828.07.03_NorthWalesChronicle_0003.txt	I:\BL_TXTS\1820s\1828\05\1828.05.01_NorthWalesChronicle_0003.txt
371	612	610	I:\BL_TXTS\1820s\1828\07\1828.07.03_NorthWalesChronicle_0003.txt	I:\BL_TXTS\1820s\1828\05\1828.05.15_NorthWalesChronicle_0003.txt
241	393	388	I:\BL_TXTS\1820s\1828\07\1828.07.03_TheMorningChronicle_0001.txt	I:\BL_TXTS\1820s\1828\05\1828.05.15_TheMorningChronicle_0001.txt
212	340	346	I:\BL_TXTS\1820s\1828\07\1828.07.04_LiverpoolMercuryetc_0004.txt	I:\BL_TXTS\1820s\1828\05\1828.05.02_LiverpoolMercuryetc_0004.txt
269	442	445	I:\BL_TXTS\1820s\1828\07\1828.07.04_LiverpoolMercuryetc_0004.txt	I:\BL_TXTS\1820s\1828\05\1828.05.09_LiverpoolMercuryetc_0004.txt
239	381	375	I:\BL_TXTS\1820s\1828\07\1828.07.04_LiverpoolMercuryetc_0004.txt	I:\BL_TXTS\1820s\1828\05\1828.05.16_LiverpoolMercuryetc_0004.txt
336	550	555	I:\BL_TXTS\1820s\1828\07\1828.07.04_LiverpoolMercuryetc_0004.txt	I:\BL_TXTS\1820s\1828\05\1828.05.23_LiverpoolMercuryetc_0004.txt
226	360	365	I:\BL_TXTS\1820s\1828\07\1828.07.04_LiverpoolMercuryetc_0007.txt	I:\BL_TXTS\1820s\1828\05\1828.05.02_LiverpoolMercuryetc_0007.txt
480	779	774	I:\BL_TXTS\1820s\1828\07\1828.07.04_LiverpoolMercuryetc_0007.txt	I:\BL_TXTS\1820s\1828\05\1828.05.09_LiverpoolMercuryetc_0007.txt
205	319	303	I:\BL_TXTS\1820s\1828\07\1828.07.04_LiverpoolMercuryetc_0007.txt	I:\BL_TXTS\1820s\1828\05\1828.05.13_TheBristolMercury_0003.txt
303	495	478	I:\BL_TXTS\1820s\1828\07\1828.07.04_LiverpoolMercuryetc_0007.txt	I:\BL_TXTS\1820s\1828\05\1828.05.16_LiverpoolMercuryetc_0007.txt
224	374	399	I:\BL_TXTS\1820s\1828\07\1828.07.04_LiverpoolMercuryetc_0007.txt	I:\BL_TXTS\1820s\1828\05\1828.05.23_LiverpoolMercuryetc_0007.txt
252	383	387	I:\BL_TXTS\1820s\1828\07\1828.07.04_LiverpoolMercuryetc_0007.txt	I:\BL_TXTS\1820s\1828\05\1828.05.30_LiverpoolMercuryetc_0007.txt
242	417	407	I:\BL_TXTS\1820s\1828\07\1828.07.04_TheBelfastNews-Letter_0004.txt	I:\BL_TXTS\1820s\1828\05\1828.05.02_TheBelfastNews-Letter_0004.txt
211	366	372	I:\BL_TXTS\1820s\1828\07\1828.07.04_TheBelfastNews-Letter_0004.txt	I:\BL_TXTS\1820s\1828\05\1828.05.09_TheBelfastNews-Letter_0004.txt
257	447	435	I:\BL_TXTS\1820s\1828\07\1828.07.04_TheBelfastNews-Letter_0004.txt	I:\BL_TXTS\1820s\1828\05\1828.05.16_TheBelfastNews-Letter_0004.txt
261	447	419	I:\BL_TXTS\1820s\1828\07\1828.07.04_TheBelfastNews-Letter_0004.txt	I:\BL_TXTS\1820s\1828\05\1828.05.23_TheBelfastNews-Letter_0004.txt
228	414	406	I:\BL_TXTS\1820s\1828\07\1828.07.04_TheBelfastNews-Letter_0004.txt	I:\BL_TXTS\1820s\1828\05\1828.05.30_TheBelfastNews-Letter_0004.txt
219	329	330	I:\BL_TXTS\1820s\1828\07\1828.07.05_TheNewcastleCourantetc_0001.txt	I:\BL_TXTS\1820s\1828\05\1828.05.17_TheNewcastleCourantetc_0001.txt
620	991	979	I:\BL_TXTS\1820s\1828\07\1828.07.05_TheNewcastleCourantetc_0003.txt	I:\BL_TXTS\1820s\1828\05\1828.05.03_TheNewcastleCourantetc_0002.txt
285	408	406	I:\BL_TXTS\1820s\1828\07\1828.07.05_TheNewcastleCourantetc_0003.txt	I:\BL_TXTS\1820s\1828\05\1828.05.03_TheNewcastleCourantetc_0003.txt
825	1312	1284	I:\BL_TXTS\1820s\1828\07\1828.07.05_TheNewcastleCourantetc_0003.txt	I:\BL_TXTS\1820s\1828\05\1828.05.10_TheNewcastleCourantetc_0003.txt
551	928	931	I:\BL_TXTS\1820s\1828\07\1828.07.05_TheNewcastleCourantetc_0003.txt	I:\BL_TXTS\1820s\1828\05\1828.05.17_TheNewcastleCourantetc_0003.txt
202	333	332	I:\BL_TXTS\1820s\1828\07\1828.07.05_TheNewcastleCourantetc_0003.txt	I:\BL_TXTS\1820s\1828\05\1828.05.20_TheBristolMercury_0002.txt
790	1275	1261	I:\BL_TXTS\1820s\1828\07\1828.07.05_TheNewcastleCourantetc_0003.txt	I:\BL_TXTS\1820s\1828\05\1828.05.24_TheNewcastleCourantetc_0003.txt
1012	1531	1526	I:\BL_TXTS\1820s\1828\07\1828.07.05_TheNewcastleCourantetc_0003.txt	I:\BL_TXTS\1820s\1828\05\1828.05.31_TheNewcastleCourantetc_0003.txt
252	422	420	I:\BL_TXTS\1820s\1828\07\1828.07.05_TheNewcastleCourantetc_0004.txt	I:\BL_TXTS\1820s\1828\05\1828.05.03_TheNewcastleCourantetc_0004.txt
272	436	435	I:\BL_TXTS\1820s\1828\07\1828.07.05_TheNewcastleCourantetc_0004.txt	I:\BL_TXTS\1820s\1828\05\1828.05.10_TheNewcastleCourantetc_0004.txt
261	448	441	I:\BL_TXTS\1820s\1828\07\1828.07.05_TheNewcastleCourantetc_0004.txt	I:\BL_TXTS\1820s\1828\05\1828.05.17_TheNewcastleCourantetc_0004.txt
322	502	510	I:\BL_TXTS\1820s\1828\07\1828.07.05_TheNewcastleCourantetc_0004.txt	I:\BL_TXTS\1820s\1828\05\1828.05.24_TheNewcastleCourantetc_0004.txt
295	488	492	I:\BL_TXTS\1820s\1828\07\1828.07.05_TheNewcastleCourantetc_0004.txt	I:\BL_TXTS\1820s\1828\05\1828.05.31_TheNewcastleCourantetc_0004.txt
292	397	400	I:\BL_TXTS\1820s\1828\07\1828.07.06_TheExaminer_0014.txt	I:\BL_TXTS\1820s\1828\05\1828.05.11_TheExaminer_0016.txt
226	373	369	I:\BL_TXTS\1820s\1828\07\1828.07.08_TheBelfastNews-Letter_0001.txt	I:\BL_TXTS\1820s\1828\05\1828.05.30_TheBelfastNews-Letter_0003.txt
200	342	359	I:\BL_TXTS\1820s\1828\07\1828.07.08_TheBelfastNews-Letter_0004.txt	I:\BL_TXTS\1820s\1828\05\1828.05.27_TheBelfastNews-Letter_0004.txt
318	470	458	I:\BL_TXTS\1820s\1828\07\1828.07.08_TheBristolMercury_0004.txt	I:\BL_TXTS\1820s\1828\05\1828.05.13_TheBristolMercury_0004.txt
284	450	444	I:\BL_TXTS\1820s\1828\07\1828.07.08_TheBristolMercury_0004.txt	I:\BL_TXTS\1820s\1828\05\1828.05.20_TheBristolMercury_0004.txt
349	507	498	I:\BL_TXTS\1820s\1828\07\1828.07.08_TheBristolMercury_0004.txt	I:\BL_TXTS\1820s\1828\05\1828.05.27_TheBristolMercury_0004.txt
251	328	325	I:\BL_TXTS\1820s\1828\07\1828.07.08_TheHullPacketandHumberMercury_0002.txt	I:\BL_TXTS\1820s\1828\05\1828.05.03_TheNewcastleCourantetc_0003.txt
316	390	392	I:\BL_TXTS\1820s\1828\07\1828.07.08_TheHullPacketandHumberMercury_0002.txt	I:\BL_TXTS\1820s\1828\05\1828.05.17_TheNewcastleCourantetc_0001.txt
212	301	293	I:\BL_TXTS\1820s\1828\07\1828.07.08_TheHullPacketandHumberMercury_0002.txt	I:\BL_TXTS\1820s\1828\05\1828.05.24_TheNewcastleCourantetc_0003.txt
220	306	308	I:\BL_TXTS\1820s\1828\07\1828.07.09_TheAberdeenJournal_0001.txt	I:\BL_TXTS\1820s\1828\05\1828.05.03_TheNewcastleCourantetc_0003.txt
221	299	297	I:\BL_TXTS\1820s\1828\07\1828.07.09_TheAberdeenJournal_0001.txt	I:\BL_TXTS\1820s\1828\05\1828.05.17_TheNewcastleCourantetc_0001.txt
379	579	558	I:\BL_TXTS\1820s\1828\07\1828.07.09_TheDerbyMercury_0001.txt	I:\BL_TXTS\1820s\1828\05\1828.05.14_TheDerbyMercury_0001.txt
212	318	305	I:\BL_TXTS\1820s\1828\07\1828.07.09_TheDerbyMercury_0001.txt	I:\BL_TXTS\1820s\1828\05\1828.05.21_TheDerbyMercury_0002.txt
203	347	347	I:\BL_TXTS\1820s\1828\07\1828.07.09_TheDerbyMercury_0001.txt	I:\BL_TXTS\1820s\1828\05\1828.05.28_TheDerbyMercury_0002.txt
200	300	312	I:\BL_TXTS\1820s\1828\07\1828.07.09_TheDerbyMercury_0001.txt	I:\BL_TXTS\1820s\1828\05\1828.05.28_TheDerbyMercury_0004.txt
223	358	362	I:\BL_TXTS\1820s\1828\07\1828.07.11_LiverpoolMercuryetc_0004.txt	I:\BL_TXTS\1820s\1828\05\1828.05.23_LiverpoolMercuryetc_0004.txt
418	627	642	I:\BL_TXTS\1820s\1828\07\1828.07.11_LiverpoolMercuryetc_0007.txt	I:\BL_TXTS\1820s\1828\05\1828.05.09_LiverpoolMercuryetc_0007.txt
216	359	378	I:\BL_TXTS\1820s\1828\07\1828.07.11_LiverpoolMercuryetc_0007.txt	I:\BL_TXTS\1820s\1828\05\1828.05.23_LiverpoolMercuryetc_0007.txt
208	368	361	I:\BL_TXTS\1820s\1828\07\1828.07.11_TheBelfastNews-Letter_0003.txt	I:\BL_TXTS\1820s\1828\05\1828.05.30_TheBelfastNews-Letter_0003.txt
325	573	565	I:\BL_TXTS\1820s\1828\07\1828.07.11_TheBelfastNews-Letter_0004.txt	I:\BL_TXTS\1820s\1828\05\1828.05.02_TheBelfastNews-Letter_0004.txt
368	632	636	I:\BL_TXTS\1820s\1828\07\1828.07.11_TheBelfastNews-Letter_0004.txt	I:\BL_TXTS\1820s\1828\05\1828.05.09_TheBelfastNews-Letter_0004.txt
281	483	485	I:\BL_TXTS\1820s\1828\07\1828.07.11_TheBelfastNews-Letter_0004.txt	I:\BL_TXTS\1820s\1828\05\1828.05.16_TheBelfastNews-Letter_0004.txt
374	616	610	I:\BL_TXTS\1820s\1828\07\1828.07.11_TheBelfastNews-Letter_0004.txt	I:\BL_TXTS\1820s\1828\05\1828.05.23_TheBelfastNews-Letter_0004.txt
544	891	892	I:\BL_TXTS\1820s\1828\07\1828.07.11_TheBelfastNews-Letter_0004.txt	I:\BL_TXTS\1820s\1828\05\1828.05.30_TheBelfastNews-Letter_0004.txt
208	353	353	I:\BL_TXTS\1820s\1828\07\1828.07.11_TheMorningChronicle_0001.txt	I:\BL_TXTS\1820s\1828\05\1828.05.30_TheMorningChronicle_0001.txt
225	347	339	I:\BL_TXTS\1820s\1828\07\1828.07.12_TheNewcastleCourantetc_0001.txt	I:\BL_TXTS\1820s\1828\05\1828.05.10_TheNewcastleCourantetc_0001.txt
309	447	449	I:\BL_TXTS\1820s\1828\07\1828.07.12_TheNewcastleCourantetc_0001.txt	I:\BL_TXTS\1820s\1828\05\1828.05.31_TheNewcastleCourantetc_0001.txt
254	429	418	I:\BL_TXTS\1820s\1828\07\1828.07.12_TheNewcastleCourantetc_0003.txt	I:\BL_TXTS\1820s\1828\05\1828.05.03_TheNewcastleCourantetc_0002.txt
326	413	410	I:\BL_TXTS\1820s\1828\07\1828.07.13_TheExaminer_0014.txt	I:\BL_TXTS\1820s\1828\05\1828.05.04_TheExaminer_0015.txt
317	423	423	I:\BL_TXTS\1820s\1828\07\1828.07.13_TheExaminer_0014.txt	I:\BL_TXTS\1820s\1828\05\1828.05.18_TheExaminer_0015.txt
289	403	403	I:\BL_TXTS\1820s\1828\07\1828.07.13_TheExaminer_0015.txt	I:\BL_TXTS\1820s\1828\05\1828.05.11_TheExaminer_0016.txt
241	375	368	I:\BL_TXTS\1820s\1828\07\1828.07.15_TheBristolMercury_0004.txt	I:\BL_TXTS\1820s\1828\05\1828.05.13_TheBristolMercury_0004.txt
224	369	361	I:\BL_TXTS\1820s\1828\07\1828.07.15_TheBristolMercury_0004.txt	I:\BL_TXTS\1820s\1828\05\1828.05.20_TheBristolMercury_0004.txt
244	414	420	I:\BL_TXTS\1820s\1828\07\1828.07.15_TheBristolMercury_0004.txt	I:\BL_TXTS\1820s\1828\05\1828.05.27_TheBristolMercury_0004.txt
221	326	325	I:\BL_TXTS\1820s\1828\07\1828.07.15_TheHullPacketandHumberMercury_0002.txt	I:\BL_TXTS\1820s\1828\05\1828.05.13_TheHullPacketandHumberMercury_0002.txt
252	318	327	I:\BL_TXTS\1820s\1828\07\1828.07.15_TheHullPacketandHumberMercury_0002.txt	I:\BL_TXTS\1820s\1828\05\1828.05.27_TheHullPacketandHumberMercury_0002.txt
202	339	348	I:\BL_TXTS\1820s\1828\07\1828.07.15_TheMorningChronicle_0004.txt	I:\BL_TXTS\1820s\1828\05\1828.05.20_TheMorningChronicle_0004.txt
243	334	353	I:\BL_TXTS\1820s\1828\07\1828.07.16_TheDerbyMercury_0001.txt	I:\BL_TXTS\1820s\1828\05\1828.05.07_TheDerbyMercury_0001.txt
315	457	451	I:\BL_TXTS\1820s\1828\07\1828.07.16_TheDerbyMercury_0001.txt	I:\BL_TXTS\1820s\1828\05\1828.05.14_TheDerbyMercury_0001.txt
240	391	386	I:\BL_TXTS\1820s\1828\07\1828.07.16_TheDerbyMercury_0001.txt	I:\BL_TXTS\1820s\1828\05\1828.05.16_LiverpoolMercuryetc_0005.txt
231	364	357	I:\BL_TXTS\1820s\1828\07\1828.07.16_TheDerbyMercury_0001.txt	I:\BL_TXTS\1820s\1828\05\1828.05.20_TheBristolMercury_0002.txt
243	392	401	I:\BL_TXTS\1820s\1828\07\1828.07.16_TheDerbyMercury_0001.txt	I:\BL_TXTS\1820s\1828\05\1828.05.28_TheDerbyMercury_0002.txt
204	279	284	I:\BL_TXTS\1820s\1828\07\1828.07.16_TheDerbyMercury_0002.txt	I:\BL_TXTS\1820s\1828\05\1828.05.07_TheDerbyMercury_0003.txt
224	315	323	I:\BL_TXTS\1820s\1828\07\1828.07.16_TheDerbyMercury_0002.txt	I:\BL_TXTS\1820s\1828\05\1828.05.14_TheDerbyMercury_0001.txt
230	321	325	I:\BL_TXTS\1820s\1828\07\1828.07.16_TheDerbyMercury_0002.txt	I:\BL_TXTS\1820s\1828\05\1828.05.21_TheDerbyMercury_0002.txt
357	561	576	I:\BL_TXTS\1820s\1828\07\1828.07.16_TheDerbyMercury_0004.txt	I:\BL_TXTS\1820s\1828\05\1828.05.14_TheDerbyMercury_0004.txt
245	404	401	I:\BL_TXTS\1820s\1828\07\1828.07.16_TheDerbyMercury_0004.txt	I:\BL_TXTS\1820s\1828\05\1828.05.21_TheDerbyMercury_0004.txt
222	331	337	I:\BL_TXTS\1820s\1828\07\1828.07.18_LiverpoolMercuryetc_0004.txt	I:\BL_TXTS\1820s\1828\05\1828.05.02_LiverpoolMercuryetc_0004.txt
229	355	356	I:\BL_TXTS\1820s\1828\07\1828.07.18_LiverpoolMercuryetc_0004.txt	I:\BL_TXTS\1820s\1828\05\1828.05.16_LiverpoolMercuryetc_0004.txt
257	388	395	I:\BL_TXTS\1820s\1828\07\1828.07.18_LiverpoolMercuryetc_0004.txt	I:\BL_TXTS\1820s\1828\05\1828.05.23_LiverpoolMercuryetc_0004.txt
201	320	330	I:\BL_TXTS\1820s\1828\07\1828.07.18_LiverpoolMercuryetc_0007.txt	I:\BL_TXTS\1820s\1828\05\1828.05.02_LiverpoolMercuryetc_0007.txt
486	728	753	I:\BL_TXTS\1820s\1828\07\1828.07.18_LiverpoolMercuryetc_0007.txt	I:\BL_TXTS\1820s\1828\05\1828.05.09_LiverpoolMercuryetc_0007.txt
357	554	558	I:\BL_TXTS\1820s\1828\07\1828.07.18_LiverpoolMercuryetc_0007.txt	I:\BL_TXTS\1820s\1828\05\1828.05.16_LiverpoolMercuryetc_0007.txt
238	386	431	I:\BL_TXTS\1820s\1828\07\1828.07.18_LiverpoolMercuryetc_0007.txt	I:\BL_TXTS\1820s\1828\05\1828.05.23_LiverpoolMercuryetc_0007.txt
260	421	442	I:\BL_TXTS\1820s\1828\07\1828.07.18_LiverpoolMercuryetc_0007.txt	I:\BL_TXTS\1820s\1828\05\1828.05.30_LiverpoolMercuryetc_0007.txt
217	335	339	I:\BL_TXTS\1820s\1828\07\1828.07.18_TheBelfastNews-Letter_0003.txt	I:\BL_TXTS\1820s\1828\05\1828.05.13_TheBelfastNews-Letter_0003.txt
402	692	691	I:\BL_TXTS\1820s\1828\07\1828.07.18_TheBelfastNews-Letter_0004.txt	I:\BL_TXTS\1820s\1828\05\1828.05.02_TheBelfastNews-Letter_0004.txt
396	660	646	I:\BL_TXTS\1820s\1828\07\1828.07.18_TheBelfastNews-Letter_0004.txt	I:\BL_TXTS\1820s\1828\05\1828.05.09_TheBelfastNews-Letter_0004.txt
397	681	672	I:\BL_TXTS\1820s\1828\07\1828.07.18_TheBelfastNews-Letter_0004.txt	I:\BL_TXTS\1820s\1828\05\1828.05.16_TheBelfastNews-Letter_0004.txt
355	590	550	I:\BL_TXTS\1820s\1828\07\1828.07.18_TheBelfastNews-Letter_0004.txt	I:\BL_TXTS\1820s\1828\05\1828.05.23_TheBelfastNews-Letter_0004.txt
429	678	668	I:\BL_TXTS\1820s\1828\07\1828.07.18_TheBelfastNews-Letter_0004.txt	I:\BL_TXTS\1820s\1828\05\1828.05.30_TheBelfastNews-Letter_0004.txt
220	391	391	I:\BL_TXTS\1820s\1828\07\1828.07.19_TheNewcastleCourantetc_0003.txt	I:\BL_TXTS\1820s\1828\05\1828.05.03_TheNewcastleCourantetc_0002.txt
295	500	501	I:\BL_TXTS\1820s\1828\07\1828.07.19_TheNewcastleCourantetc_0003.txt	I:\BL_TXTS\1820s\1828\05\1828.05.10_TheNewcastleCourantetc_0003.txt
254	443	444	I:\BL_TXTS\1820s\1828\07\1828.07.19_TheNewcastleCourantetc_0003.txt	I:\BL_TXTS\1820s\1828\05\1828.05.17_TheNewcastleCourantetc_0003.txt
289	500	494	I:\BL_TXTS\1820s\1828\07\1828.07.19_TheNewcastleCourantetc_0003.txt	I:\BL_TXTS\1820s\1828\05\1828.05.24_TheNewcastleCourantetc_0003.txt
265	401	405	I:\BL_TXTS\1820s\1828\07\1828.07.19_TheNewcastleCourantetc_0003.txt	I:\BL_TXTS\1820s\1828\05\1828.05.31_TheNewcastleCourantetc_0001.txt
437	768	758	I:\BL_TXTS\1820s\1828\07\1828.07.19_TheNewcastleCourantetc_0003.txt	I:\BL_TXTS\1820s\1828\05\1828.05.31_TheNewcastleCourantetc_0003.txt
209	331	341	I:\BL_TXTS\1820s\1828\07\1828.07.19_TheNewcastleCourantetc_0004.txt	I:\BL_TXTS\1820s\1828\05\1828.05.24_TheNewcastleCourantetc_0004.txt
276	455	458	I:\BL_TXTS\1820s\1828\07\1828.07.21_CaledonianMercury_0004.txt	I:\BL_TXTS\1820s\1828\05\1828.05.12_CaledonianMercury_0004.txt
251	397	400	I:\BL_TXTS\1820s\1828\07\1828.07.21_CaledonianMercury_0004.txt	I:\BL_TXTS\1820s\1828\05\1828.05.19_CaledonianMercury_0004.txt
307	397	398	I:\BL_TXTS\1820s\1828\07\1828.07.22_TheBelfastNews-Letter_0001.txt	I:\BL_TXTS\1820s\1828\05\1828.05.30_TheBelfastNews-Letter_0003.txt
221	319	336	I:\BL_TXTS\1820s\1828\07\1828.07.22_TheBelfastNews-Letter_0003.txt	I:\BL_TXTS\1820s\1828\05\1828.05.13_TheBelfastNews-Letter_0003.txt
223	371	378	I:\BL_TXTS\1820s\1828\07\1828.07.22_TheBelfastNews-Letter_0004.txt	I:\BL_TXTS\1820s\1828\05\1828.05.06_TheBelfastNews-Letter_0004.txt
376	519	521	I:\BL_TXTS\1820s\1828\07\1828.07.22_TheBristolMercury_0004.txt	I:\BL_TXTS\1820s\1828\05\1828.05.13_TheBristolMercury_0004.txt
322	487	494	I:\BL_TXTS\1820s\1828\07\1828.07.22_TheBristolMercury_0004.txt	I:\BL_TXTS\1820s\1828\05\1828.05.20_TheBristolMercury_0004.txt
362	534	522	I:\BL_TXTS\1820s\1828\07\1828.07.22_TheBristolMercury_0004.txt	I:\BL_TXTS\1820s\1828\05\1828.05.27_TheBristolMercury_0004.txt
250	346	375	I:\BL_TXTS\1820s\1828\07\1828.07.23_TheDerbyMercury_0001.txt	I:\BL_TXTS\1820s\1828\05\1828.05.07_TheDerbyMercury_0001.txt
232	361	362	I:\BL_TXTS\1820s\1828\07\1828.07.23_TheDerbyMercury_0001.txt	I:\BL_TXTS\1820s\1828\05\1828.05.07_TheDerbyMercury_0002.txt
277	409	423	I:\BL_TXTS\1820s\1828\07\1828.07.23_TheDerbyMercury_0001.txt	I:\BL_TXTS\1820s\1828\05\1828.05.07_TheDerbyMercury_0003.txt
602	876	879	I:\BL_TXTS\1820s\1828\07\1828.07.23_TheDerbyMercury_0001.txt	I:\BL_TXTS\1820s\1828\05\1828.05.14_TheDerbyMercury_0001.txt
249	392	390	I:\BL_TXTS\1820s\1828\07\1828.07.23_TheDerbyMercury_0001.txt	I:\BL_TXTS\1820s\1828\05\1828.05.16_LiverpoolMercuryetc_0005.txt
229	309	313	I:\BL_TXTS\1820s\1828\07\1828.07.23_TheDerbyMercury_0001.txt	I:\BL_TXTS\1820s\1828\05\1828.05.21_TheDerbyMercury_0001.txt
299	419	422	I:\BL_TXTS\1820s\1828\07\1828.07.23_TheDerbyMercury_0001.txt	I:\BL_TXTS\1820s\1828\05\1828.05.21_TheDerbyMercury_0002.txt
395	590	599	I:\BL_TXTS\1820s\1828\07\1828.07.23_TheDerbyMercury_0001.txt	I:\BL_TXTS\1820s\1828\05\1828.05.28_TheDerbyMercury_0001.txt
279	443	454	I:\BL_TXTS\1820s\1828\07\1828.07.23_TheDerbyMercury_0001.txt	I:\BL_TXTS\1820s\1828\05\1828.05.28_TheDerbyMercury_0002.txt
256	406	395	I:\BL_TXTS\1820s\1828\07\1828.07.23_TheDerbyMercury_0004.txt	I:\BL_TXTS\1820s\1828\05\1828.05.14_TheDerbyMercury_0004.txt
213	362	376	I:\BL_TXTS\1820s\1828\07\1828.07.25_LiverpoolMercuryetc_0004.txt	I:\BL_TXTS\1820s\1828\05\1828.05.23_LiverpoolMercuryetc_0004.txt
313	504	501	I:\BL_TXTS\1820s\1828\07\1828.07.25_LiverpoolMercuryetc_0007.txt	I:\BL_TXTS\1820s\1828\05\1828.05.02_LiverpoolMercuryetc_0007.txt
498	778	757	I:\BL_TXTS\1820s\1828\07\1828.07.25_LiverpoolMercuryetc_0007.txt	I:\BL_TXTS\1820s\1828\05\1828.05.09_LiverpoolMercuryetc_0007.txt
202	308	314	I:\BL_TXTS\1820s\1828\07\1828.07.25_LiverpoolMercuryetc_0007.txt	I:\BL_TXTS\1820s\1828\05\1828.05.13_TheBristolMercury_0003.txt
331	499	492	I:\BL_TXTS\1820s\1828\07\1828.07.25_LiverpoolMercuryetc_0007.txt	I:\BL_TXTS\1820s\1828\05\1828.05.16_LiverpoolMercuryetc_0007.txt
257	403	427	I:\BL_TXTS\1820s\1828\07\1828.07.25_LiverpoolMercuryetc_0007.txt	I:\BL_TXTS\1820s\1828\05\1828.05.23_LiverpoolMercuryetc_0007.txt
281	414	424	I:\BL_TXTS\1820s\1828\07\1828.07.25_LiverpoolMercuryetc_0007.txt	I:\BL_TXTS\1820s\1828\05\1828.05.30_LiverpoolMercuryetc_0007.txt
209	326	327	I:\BL_TXTS\1820s\1828\07\1828.07.25_TheBelfastNews-Letter_0001.txt	I:\BL_TXTS\1820s\1828\05\1828.05.13_TheBelfastNews-Letter_0003.txt
249	360	358	I:\BL_TXTS\1820s\1828\07\1828.07.25_TheBelfastNews-Letter_0001.txt	I:\BL_TXTS\1820s\1828\05\1828.05.20_TheBelfastNews-Letter_0003.txt
262	370	371	I:\BL_TXTS\1820s\1828\07\1828.07.25_TheBelfastNews-Letter_0001.txt	I:\BL_TXTS\1820s\1828\05\1828.05.27_TheBelfastNews-Letter_0003.txt
471	784	802	I:\BL_TXTS\1820s\1828\07\1828.07.25_TheBelfastNews-Letter_0004.txt	I:\BL_TXTS\1820s\1828\05\1828.05.02_TheBelfastNews-Letter_0004.txt
590	925	938	I:\BL_TXTS\1820s\1828\07\1828.07.25_TheBelfastNews-Letter_0004.txt	I:\BL_TXTS\1820s\1828\05\1828.05.09_TheBelfastNews-Letter_0004.txt
413	677	687	I:\BL_TXTS\1820s\1828\07\1828.07.25_TheBelfastNews-Letter_0004.txt	I:\BL_TXTS\1820s\1828\05\1828.05.16_TheBelfastNews-Letter_0004.txt
637	998	1000	I:\BL_TXTS\1820s\1828\07\1828.07.25_TheBelfastNews-Letter_0004.txt	I:\BL_TXTS\1820s\1828\05\1828.05.23_TheBelfastNews-Letter_0004.txt
692	1061	1074	I:\BL_TXTS\1820s\1828\07\1828.07.25_TheBelfastNews-Letter_0004.txt	I:\BL_TXTS\1820s\1828\05\1828.05.30_TheBelfastNews-Letter_0004.txt
200	323	332	I:\BL_TXTS\1820s\1828\07\1828.07.26_TheIpswichJournal_0004.txt	I:\BL_TXTS\1820s\1828\05\1828.05.24_TheIpswichJournal_0004.txt
200	361	368	I:\BL_TXTS\1820s\1828\07\1828.07.26_TheLeedsMercury_0004.txt	I:\BL_TXTS\1820s\1828\05\1828.05.03_TheLeedsMercury_0004.txt
490	837	835	I:\BL_TXTS\1820s\1828\07\1828.07.26_TheNewcastleCourantetc_0003.txt	I:\BL_TXTS\1820s\1828\05\1828.05.03_TheNewcastleCourantetc_0002.txt
427	726	719	I:\BL_TXTS\1820s\1828\07\1828.07.26_TheNewcastleCourantetc_0003.txt	I:\BL_TXTS\1820s\1828\05\1828.05.10_TheNewcastleCourantetc_0003.txt
369	626	630	I:\BL_TXTS\1820s\1828\07\1828.07.26_TheNewcastleCourantetc_0003.txt	I:\BL_TXTS\1820s\1828\05\1828.05.17_TheNewcastleCourantetc_0003.txt
220	374	368	I:\BL_TXTS\1820s\1828\07\1828.07.26_TheNewcastleCourantetc_0003.txt	I:\BL_TXTS\1820s\1828\05\1828.05.20_TheBristolMercury_0002.txt
533	837	836	I:\BL_TXTS\1820s\1828\07\1828.07.26_TheNewcastleCourantetc_0003.txt	I:\BL_TXTS\1820s\1828\05\1828.05.24_TheNewcastleCourantetc_0003.txt
588	967	956	I:\BL_TXTS\1820s\1828\07\1828.07.26_TheNewcastleCourantetc_0003.txt	I:\BL_TXTS\1820s\1828\05\1828.05.31_TheNewcastleCourantetc_0003.txt
289	519	501	I:\BL_TXTS\1820s\1828\07\1828.07.26_TheNewcastleCourantetc_0004.txt	I:\BL_TXTS\1820s\1828\05\1828.05.17_TheNewcastleCourantetc_0004.txt
215	368	375	I:\BL_TXTS\1820s\1828\07\1828.07.26_TheNewcastleCourantetc_0004.txt	I:\BL_TXTS\1820s\1828\05\1828.05.24_TheNewcastleCourantetc_0004.txt
269	385	386	I:\BL_TXTS\1820s\1828\07\1828.07.29_TheBelfastNews-Letter_0001.txt	I:\BL_TXTS\1820s\1828\05\1828.05.30_TheBelfastNews-Letter_0003.txt
256	387	381	I:\BL_TXTS\1820s\1828\07\1828.07.29_TheBelfastNews-Letter_0003.txt	I:\BL_TXTS\1820s\1828\05\1828.05.27_TheBelfastNews-Letter_0001.txt
215	388	390	I:\BL_TXTS\1820s\1828\07\1828.07.29_TheBristolMercury_0001.txt	I:\BL_TXTS\1820s\1828\05\1828.05.20_TheBristolMercury_0002.txt
278	425	410	I:\BL_TXTS\1820s\1828\07\1828.07.29_TheBristolMercury_0004.txt	I:\BL_TXTS\1820s\1828\05\1828.05.13_TheBristolMercury_0004.txt
272	427	417	I:\BL_TXTS\1820s\1828\07\1828.07.29_TheBristolMercury_0004.txt	I:\BL_TXTS\1820s\1828\05\1828.05.20_TheBristolMercury_0004.txt
306	474	460	I:\BL_TXTS\1820s\1828\07\1828.07.29_TheBristolMercury_0004.txt	I:\BL_TXTS\1820s\1828\05\1828.05.27_TheBristolMercury_0004.txt
220	289	282	I:\BL_TXTS\1820s\1828\07\1828.07.29_TheHullPacketandHumberMercury_0002.txt	I:\BL_TXTS\1820s\1828\05\1828.05.27_TheHullPacketandHumberMercury_0002.txt
320	445	450	I:\BL_TXTS\1820s\1828\07\1828.07.30_TheDerbyMercury_0001.txt	I:\BL_TXTS\1820s\1828\05\1828.05.07_TheDerbyMercury_0001.txt
245	357	351	I:\BL_TXTS\1820s\1828\07\1828.07.30_TheDerbyMercury_0001.txt	I:\BL_TXTS\1820s\1828\05\1828.05.14_TheDerbyMercury_0001.txt
357	560	570	I:\BL_TXTS\1820s\1828\07\1828.07.30_TheDerbyMercury_0004.txt	I:\BL_TXTS\1820s\1828\05\1828.05.21_TheDerbyMercury_0004.txt
321	514	535	I:\BL_TXTS\1820s\1828\08\1828.08.01_LiverpoolMercuryetc_0007.txt	I:\BL_TXTS\1820s\1828\05\1828.05.02_LiverpoolMercuryetc_0007.txt
597	852	873	I:\BL_TXTS\1820s\1828\08\1828.08.01_LiverpoolMercuryetc_0007.txt	I:\BL_TXTS\1820s\1828\05\1828.05.09_LiverpoolMercuryetc_0007.txt
224	338	342	I:\BL_TXTS\1820s\1828\08\1828.08.01_LiverpoolMercuryetc_0007.txt	I:\BL_TXTS\1820s\1828\05\1828.05.13_TheBristolMercury_0003.txt
374	516	520	I:\BL_TXTS\1820s\1828\08\1828.08.01_LiverpoolMercuryetc_0007.txt	I:\BL_TXTS\1820s\1828\05\1828.05.16_LiverpoolMercuryetc_0007.txt
275	445	467	I:\BL_TXTS\1820s\1828\08\1828.08.01_LiverpoolMercuryetc_0007.txt	I:\BL_TXTS\1820s\1828\05\1828.05.23_LiverpoolMercuryetc_0007.txt
318	485	508	I:\BL_TXTS\1820s\1828\08\1828.08.01_LiverpoolMercuryetc_0007.txt	I:\BL_TXTS\1820s\1828\05\1828.05.30_LiverpoolMercuryetc_0007.txt
269	441	446	I:\BL_TXTS\1820s\1828\08\1828.08.01_TheBelfastNews-Letter_0004.txt	I:\BL_TXTS\1820s\1828\05\1828.05.02_TheBelfastNews-Letter_0004.txt
373	661	652	I:\BL_TXTS\1820s\1828\08\1828.08.01_TheBelfastNews-Letter_0004.txt	I:\BL_TXTS\1820s\1828\05\1828.05.09_TheBelfastNews-Letter_0004.txt
271	465	464	I:\BL_TXTS\1820s\1828\08\1828.08.01_TheBelfastNews-Letter_0004.txt	I:\BL_TXTS\1820s\1828\05\1828.05.16_TheBelfastNews-Letter_0004.txt
394	698	676	I:\BL_TXTS\1820s\1828\08\1828.08.01_TheBelfastNews-Letter_0004.txt	I:\BL_TXTS\1820s\1828\05\1828.05.23_TheBelfastNews-Letter_0004.txt
486	821	813	I:\BL_TXTS\1820s\1828\08\1828.08.01_TheBelfastNews-Letter_0004.txt	I:\BL_TXTS\1820s\1828\05\1828.05.30_TheBelfastNews-Letter_0004.txt
228	400	386	I:\BL_TXTS\1820s\1828\08\1828.08.02_TheIpswichJournal_0004.txt	I:\BL_TXTS\1820s\1828\05\1828.05.03_TheIpswichJournal_0004.txt
211	362	369	I:\BL_TXTS\1820s\1828\08\1828.08.02_TheIpswichJournal_0004.txt	I:\BL_TXTS\1820s\1828\05\1828.05.17_TheIpswichJournal_0004.txt
256	428	430	I:\BL_TXTS\1820s\1828\08\1828.08.02_TheIpswichJournal_0004.txt	I:\BL_TXTS\1820s\1828\05\1828.05.24_TheIpswichJournal_0004.txt
240	429	428	I:\BL_TXTS\1820s\1828\08\1828.08.02_TheNewcastleCourantetc_0003.txt	I:\BL_TXTS\1820s\1828\05\1828.05.03_TheNewcastleCourantetc_0002.txt
329	484	465	I:\BL_TXTS\1820s\1828\08\1828.08.05_TheBristolMercury_0004.txt	I:\BL_TXTS\1820s\1828\05\1828.05.13_TheBristolMercury_0004.txt
322	489	469	I:\BL_TXTS\1820s\1828\08\1828.08.05_TheBristolMercury_0004.txt	I:\BL_TXTS\1820s\1828\05\1828.05.20_TheBristolMercury_0004.txt
344	515	514	I:\BL_TXTS\1820s\1828\08\1828.08.05_TheBristolMercury_0004.txt	I:\BL_TXTS\1820s\1828\05\1828.05.27_TheBristolMercury_0004.txt
226	327	327	I:\BL_TXTS\1820s\1828\08\1828.08.05_TheHullPacketandHumberMercury_0002.txt	I:\BL_TXTS\1820s\1828\05\1828.05.20_TheHullPacketandHumberMercury_0001.txt
502	755	744	I:\BL_TXTS\1820s\1828\08\1828.08.05_TheHullPacketandHumberMercury_0002.txt	I:\BL_TXTS\1820s\1828\05\1828.05.27_TheHullPacketandHumberMercury_0001.txt
214	302	302	I:\BL_TXTS\1820s\1828\08\1828.08.06_TheDerbyMercury_0001.txt	I:\BL_TXTS\1820s\1828\05\1828.05.07_TheDerbyMercury_0001.txt
233	335	325	I:\BL_TXTS\1820s\1828\08\1828.08.06_TheDerbyMercury_0001.txt	I:\BL_TXTS\1820s\1828\05\1828.05.07_TheDerbyMercury_0003.txt
408	580	599	I:\BL_TXTS\1820s\1828\08\1828.08.06_TheDerbyMercury_0001.txt	I:\BL_TXTS\1820s\1828\05\1828.05.14_TheDerbyMercury_0001.txt
245	360	361	I:\BL_TXTS\1820s\1828\08\1828.08.06_TheDerbyMercury_0001.txt	I:\BL_TXTS\1820s\1828\05\1828.05.21_TheDerbyMercury_0002.txt
339	497	521	I:\BL_TXTS\1820s\1828\08\1828.08.06_TheDerbyMercury_0001.txt	I:\BL_TXTS\1820s\1828\05\1828.05.28_TheDerbyMercury_0001.txt
216	335	341	I:\BL_TXTS\1820s\1828\08\1828.08.06_TheDerbyMercury_0001.txt	I:\BL_TXTS\1820s\1828\05\1828.05.28_TheDerbyMercury_0002.txt
293	404	427	I:\BL_TXTS\1820s\1828\08\1828.08.06_TheDerbyMercury_0003.txt	I:\BL_TXTS\1820s\1828\05\1828.05.07_TheDerbyMercury_0003.txt
239	345	342	I:\BL_TXTS\1820s\1828\08\1828.08.06_TheDerbyMercury_0003.txt	I:\BL_TXTS\1820s\1828\05\1828.05.14_TheDerbyMercury_0001.txt
508	774	808	I:\BL_TXTS\1820s\1828\08\1828.08.06_TheDerbyMercury_0004.txt	I:\BL_TXTS\1820s\1828\05\1828.05.14_TheDerbyMercury_0004.txt
209	331	335	I:\BL_TXTS\1820s\1828\08\1828.08.06_TheDerbyMercury_0004.txt	I:\BL_TXTS\1820s\1828\05\1828.05.28_TheDerbyMercury_0004.txt
324	469	481	I:\BL_TXTS\1820s\1828\08\1828.08.08_LiverpoolMercuryetc_0004.txt	I:\BL_TXTS\1820s\1828\05\1828.05.02_LiverpoolMercuryetc_0004.txt
265	379	380	I:\BL_TXTS\1820s\1828\08\1828.08.08_LiverpoolMercuryetc_0004.txt	I:\BL_TXTS\1820s\1828\05\1828.05.09_LiverpoolMercuryetc_0004.txt
405	641	640	I:\BL_TXTS\1820s\1828\08\1828.08.08_LiverpoolMercuryetc_0004.txt	I:\BL_TXTS\1820s\1828\05\1828.05.16_LiverpoolMercuryetc_0004.txt
437	694	694	I:\BL_TXTS\1820s\1828\08\1828.08.08_LiverpoolMercuryetc_0004.txt	I:\BL_TXTS\1820s\1828\05\1828.05.23_LiverpoolMercuryetc_0004.txt
276	423	426	I:\BL_TXTS\1820s\1828\08\1828.08.08_LiverpoolMercuryetc_0004.txt	I:\BL_TXTS\1820s\1828\05\1828.05.30_LiverpoolMercuryetc_0004.txt
233	369	377	I:\BL_TXTS\1820s\1828\08\1828.08.08_LiverpoolMercuryetc_0007.txt	I:\BL_TXTS\1820s\1828\05\1828.05.02_LiverpoolMercuryetc_0007.txt
579	892	887	I:\BL_TXTS\1820s\1828\08\1828.08.08_LiverpoolMercuryetc_0007.txt	I:\BL_TXTS\1820s\1828\05\1828.05.09_LiverpoolMercuryetc_0007.txt
313	472	471	I:\BL_TXTS\1820s\1828\08\1828.08.08_LiverpoolMercuryetc_0007.txt	I:\BL_TXTS\1820s\1828\05\1828.05.16_LiverpoolMercuryetc_0007.txt
289	469	487	I:\BL_TXTS\1820s\1828\08\1828.08.08_LiverpoolMercuryetc_0007.txt	I:\BL_TXTS\1820s\1828\05\1828.05.23_LiverpoolMercuryetc_0007.txt
245	386	399	I:\BL_TXTS\1820s\1828\08\1828.08.08_LiverpoolMercuryetc_0007.txt	I:\BL_TXTS\1820s\1828\05\1828.05.30_LiverpoolMercuryetc_0007.txt
306	484	494	I:\BL_TXTS\1820s\1828\08\1828.08.08_TheBelfastNews-Letter_0001.txt	I:\BL_TXTS\1820s\1828\05\1828.05.09_TheBelfastNews-Letter_0001.txt
416	713	718	I:\BL_TXTS\1820s\1828\08\1828.08.08_TheBelfastNews-Letter_0004.txt	I:\BL_TXTS\1820s\1828\05\1828.05.02_TheBelfastNews-Letter_0004.txt
544	875	874	I:\BL_TXTS\1820s\1828\08\1828.08.08_TheBelfastNews-Letter_0004.txt	I:\BL_TXTS\1820s\1828\05\1828.05.09_TheBelfastNews-Letter_0004.txt
442	773	770	I:\BL_TXTS\1820s\1828\08\1828.08.08_TheBelfastNews-Letter_0004.txt	I:\BL_TXTS\1820s\1828\05\1828.05.16_TheBelfastNews-Letter_0004.txt
525	856	844	I:\BL_TXTS\1820s\1828\08\1828.08.08_TheBelfastNews-Letter_0004.txt	I:\BL_TXTS\1820s\1828\05\1828.05.23_TheBelfastNews-Letter_0004.txt
512	797	801	I:\BL_TXTS\1820s\1828\08\1828.08.08_TheBelfastNews-Letter_0004.txt	I:\BL_TXTS\1820s\1828\05\1828.05.30_TheBelfastNews-Letter_0004.txt
202	330	331	I:\BL_TXTS\1820s\1828\08\1828.08.09_TheIpswichJournal_0004.txt	I:\BL_TXTS\1820s\1828\05\1828.05.17_TheIpswichJournal_0004.txt
249	345	342	I:\BL_TXTS\1820s\1828\08\1828.08.09_TheNewcastleCourantetc_0001.txt	I:\BL_TXTS\1820s\1828\05\1828.05.10_TheNewcastleCourantetc_0001.txt
277	352	350	I:\BL_TXTS\1820s\1828\08\1828.08.09_TheNewcastleCourantetc_0001.txt	I:\BL_TXTS\1820s\1828\05\1828.05.17_TheNewcastleCourantetc_0001.txt
249	323	326	I:\BL_TXTS\1820s\1828\08\1828.08.09_TheNewcastleCourantetc_0001.txt	I:\BL_TXTS\1820s\1828\05\1828.05.24_TheNewcastleCourantetc_0003.txt
441	724	725	I:\BL_TXTS\1820s\1828\08\1828.08.09_TheNewcastleCourantetc_0003.txt	I:\BL_TXTS\1820s\1828\05\1828.05.03_TheNewcastleCourantetc_0002.txt
361	577	584	I:\BL_TXTS\1820s\1828\08\1828.08.09_TheNewcastleCourantetc_0003.txt	I:\BL_TXTS\1820s\1828\05\1828.05.10_TheNewcastleCourantetc_0003.txt
421	702	697	I:\BL_TXTS\1820s\1828\08\1828.08.09_TheNewcastleCourantetc_0003.txt	I:\BL_TXTS\1820s\1828\05\1828.05.17_TheNewcastleCourantetc_0003.txt
344	568	560	I:\BL_TXTS\1820s\1828\08\1828.08.09_TheNewcastleCourantetc_0003.txt	I:\BL_TXTS\1820s\1828\05\1828.05.24_TheNewcastleCourantetc_0003.txt
474	747	765	I:\BL_TXTS\1820s\1828\08\1828.08.09_TheNewcastleCourantetc_0003.txt	I:\BL_TXTS\1820s\1828\05\1828.05.31_TheNewcastleCourantetc_0003.txt
350	566	562	I:\BL_TXTS\1820s\1828\08\1828.08.09_TheNewcastleCourantetc_0004.txt	I:\BL_TXTS\1820s\1828\05\1828.05.03_TheNewcastleCourantetc_0004.txt
354	601	601	I:\BL_TXTS\1820s\1828\08\1828.08.09_TheNewcastleCourantetc_0004.txt	I:\BL_TXTS\1820s\1828\05\1828.05.10_TheNewcastleCourantetc_0004.txt
312	530	533	I:\BL_TXTS\1820s\1828\08\1828.08.09_TheNewcastleCourantetc_0004.txt	I:\BL_TXTS\1820s\1828\05\1828.05.17_TheNewcastleCourantetc_0004.txt
351	565	571	I:\BL_TXTS\1820s\1828\08\1828.08.09_TheNewcastleCourantetc_0004.txt	I:\BL_TXTS\1820s\1828\05\1828.05.24_TheNewcastleCourantetc_0004.txt
322	543	538	I:\BL_TXTS\1820s\1828\08\1828.08.09_TheNewcastleCourantetc_0004.txt	I:\BL_TXTS\1820s\1828\05\1828.05.31_TheNewcastleCourantetc_0004.txt
269	324	324	I:\BL_TXTS\1820s\1828\08\1828.08.10_TheExaminer_0015.txt	I:\BL_TXTS\1820s\1828\05\1828.05.04_TheExaminer_0015.txt
286	378	376	I:\BL_TXTS\1820s\1828\08\1828.08.10_TheExaminer_0015.txt	I:\BL_TXTS\1820s\1828\05\1828.05.18_TheExaminer_0015.txt
214	401	381	I:\BL_TXTS\1820s\1828\08\1828.08.11_CaledonianMercury_0004.txt	I:\BL_TXTS\1820s\1828\05\1828.05.19_CaledonianMercury_0004.txt
228	371	376	I:\BL_TXTS\1820s\1828\08\1828.08.12_TheBelfastNews-Letter_0004.txt	I:\BL_TXTS\1820s\1828\05\1828.05.06_TheBelfastNews-Letter_0004.txt
201	306	336	I:\BL_TXTS\1820s\1828\08\1828.08.12_TheBristolMercury_0004.txt	I:\BL_TXTS\1820s\1828\05\1828.05.06_TheBristolMercury_0004.txt
319	490	480	I:\BL_TXTS\1820s\1828\08\1828.08.12_TheBristolMercury_0004.txt	I:\BL_TXTS\1820s\1828\05\1828.05.13_TheBristolMercury_0004.txt
317	478	491	I:\BL_TXTS\1820s\1828\08\1828.08.12_TheBristolMercury_0004.txt	I:\BL_TXTS\1820s\1828\05\1828.05.20_TheBristolMercury_0004.txt
354	535	517	I:\BL_TXTS\1820s\1828\08\1828.08.12_TheBristolMercury_0004.txt	I:\BL_TXTS\1820s\1828\05\1828.05.27_TheBristolMercury_0004.txt
215	305	294	I:\BL_TXTS\1820s\1828\08\1828.08.12_TheHullPacketandHumberMercury_0002.txt	I:\BL_TXTS\1820s\1828\05\1828.05.06_TheHullPacketandHumberMercury_0002.txt
269	390	376	I:\BL_TXTS\1820s\1828\08\1828.08.12_TheHullPacketandHumberMercury_0002.txt	I:\BL_TXTS\1820s\1828\05\1828.05.13_TheHullPacketandHumberMercury_0001.txt
257	317	320	I:\BL_TXTS\1820s\1828\08\1828.08.12_TheHullPacketandHumberMercury_0002.txt	I:\BL_TXTS\1820s\1828\05\1828.05.20_TheHullPacketandHumberMercury_0001.txt
521	744	727	I:\BL_TXTS\1820s\1828\08\1828.08.12_TheHullPacketandHumberMercury_0002.txt	I:\BL_TXTS\1820s\1828\05\1828.05.27_TheHullPacketandHumberMercury_0001.txt
259	375	389	I:\BL_TXTS\1820s\1828\08\1828.08.13_TheDerbyMercury_0001.txt	I:\BL_TXTS\1820s\1828\05\1828.05.07_TheDerbyMercury_0003.txt
412	617	623	I:\BL_TXTS\1820s\1828\08\1828.08.13_TheDerbyMercury_0001.txt	I:\BL_TXTS\1820s\1828\05\1828.05.14_TheDerbyMercury_0001.txt
232	331	328	I:\BL_TXTS\1820s\1828\08\1828.08.13_TheDerbyMercury_0001.txt	I:\BL_TXTS\1820s\1828\05\1828.05.21_TheDerbyMercury_0001.txt
217	355	353	I:\BL_TXTS\1820s\1828\08\1828.08.13_TheDerbyMercury_0001.txt	I:\BL_TXTS\1820s\1828\05\1828.05.21_TheDerbyMercury_0002.txt
204	318	322	I:\BL_TXTS\1820s\1828\08\1828.08.13_TheDerbyMercury_0001.txt	I:\BL_TXTS\1820s\1828\05\1828.05.28_TheDerbyMercury_0001.txt
234	373	387	I:\BL_TXTS\1820s\1828\08\1828.08.13_TheDerbyMercury_0001.txt	I:\BL_TXTS\1820s\1828\05\1828.05.28_TheDerbyMercury_0002.txt
254	386	376	I:\BL_TXTS\1820s\1828\08\1828.08.13_TheDerbyMercury_0004.txt	I:\BL_TXTS\1820s\1828\05\1828.05.14_TheDerbyMercury_0004.txt
257	401	400	I:\BL_TXTS\1820s\1828\08\1828.08.13_TheDerbyMercury_0004.txt	I:\BL_TXTS\1820s\1828\05\1828.05.28_TheDerbyMercury_0004.txt
230	370	377	I:\BL_TXTS\1820s\1828\08\1828.08.15_LiverpoolMercuryetc_0004.txt	I:\BL_TXTS\1820s\1828\05\1828.05.02_LiverpoolMercuryetc_0004.txt
226	363	365	I:\BL_TXTS\1820s\1828\08\1828.08.15_LiverpoolMercuryetc_0004.txt	I:\BL_TXTS\1820s\1828\05\1828.05.09_LiverpoolMercuryetc_0004.txt
282	436	444	I:\BL_TXTS\1820s\1828\08\1828.08.15_LiverpoolMercuryetc_0004.txt	I:\BL_TXTS\1820s\1828\05\1828.05.16_LiverpoolMercuryetc_0004.txt
259	383	385	I:\BL_TXTS\1820s\1828\08\1828.08.15_LiverpoolMercuryetc_0004.txt	I:\BL_TXTS\1820s\1828\05\1828.05.23_LiverpoolMercuryetc_0004.txt
263	425	427	I:\BL_TXTS\1820s\1828\08\1828.08.15_LiverpoolMercuryetc_0004.txt	I:\BL_TXTS\1820s\1828\05\1828.05.30_LiverpoolMercuryetc_0004.txt
201	325	337	I:\BL_TXTS\1820s\1828\08\1828.08.15_LiverpoolMercuryetc_0007.txt	I:\BL_TXTS\1820s\1828\05\1828.05.09_LiverpoolMercuryetc_0007.txt
232	359	367	I:\BL_TXTS\1820s\1828\08\1828.08.15_LiverpoolMercuryetc_0007.txt	I:\BL_TXTS\1820s\1828\05\1828.05.16_LiverpoolMercuryetc_0007.txt
223	352	359	I:\BL_TXTS\1820s\1828\08\1828.08.15_LiverpoolMercuryetc_0007.txt	I:\BL_TXTS\1820s\1828\05\1828.05.30_LiverpoolMercuryetc_0007.txt
337	545	565	I:\BL_TXTS\1820s\1828\08\1828.08.15_TheBelfastNews-Letter_0004.txt	I:\BL_TXTS\1820s\1828\05\1828.05.02_TheBelfastNews-Letter_0004.txt
371	595	590	I:\BL_TXTS\1820s\1828\08\1828.08.15_TheBelfastNews-Letter_0004.txt	I:\BL_TXTS\1820s\1828\05\1828.05.09_TheBelfastNews-Letter_0004.txt
331	524	532	I:\BL_TXTS\1820s\1828\08\1828.08.15_TheBelfastNews-Letter_0004.txt	I:\BL_TXTS\1820s\1828\05\1828.05.16_TheBelfastNews-Letter_0004.txt
285	471	471	I:\BL_TXTS\1820s\1828\08\1828.08.15_TheBelfastNews-Letter_0004.txt	I:\BL_TXTS\1820s\1828\05\1828.05.23_TheBelfastNews-Letter_0004.txt
369	576	583	I:\BL_TXTS\1820s\1828\08\1828.08.15_TheBelfastNews-Letter_0004.txt	I:\BL_TXTS\1820s\1828\05\1828.05.30_TheBelfastNews-Letter_0004.txt
308	435	435	I:\BL_TXTS\1820s\1828\08\1828.08.16_TheNewcastleCourantetc_0001.txt	I:\BL_TXTS\1820s\1828\05\1828.05.03_TheNewcastleCourantetc_0001.txt
295	456	466	I:\BL_TXTS\1820s\1828\08\1828.08.16_TheNewcastleCourantetc_0001.txt	I:\BL_TXTS\1820s\1828\05\1828.05.03_TheNewcastleCourantetc_0003.txt
217	296	303	I:\BL_TXTS\1820s\1828\08\1828.08.16_TheNewcastleCourantetc_0001.txt	I:\BL_TXTS\1820s\1828\05\1828.05.10_TheNewcastleCourantetc_0001.txt
228	338	336	I:\BL_TXTS\1820s\1828\08\1828.08.16_TheNewcastleCourantetc_0001.txt	I:\BL_TXTS\1820s\1828\05\1828.05.31_TheNewcastleCourantetc_0001.txt
485	861	858	I:\BL_TXTS\1820s\1828\08\1828.08.16_TheNewcastleCourantetc_0003.txt	I:\BL_TXTS\1820s\1828\05\1828.05.03_TheNewcastleCourantetc_0002.txt
404	714	714	I:\BL_TXTS\1820s\1828\08\1828.08.16_TheNewcastleCourantetc_0003.txt	I:\BL_TXTS\1820s\1828\05\1828.05.10_TheNewcastleCourantetc_0003.txt
320	564	557	I:\BL_TXTS\1820s\1828\08\1828.08.16_TheNewcastleCourantetc_0003.txt	I:\BL_TXTS\1820s\1828\05\1828.05.17_TheNewcastleCourantetc_0003.txt
434	734	728	I:\BL_TXTS\1820s\1828\08\1828.08.16_TheNewcastleCourantetc_0003.txt	I:\BL_TXTS\1820s\1828\05\1828.05.24_TheNewcastleCourantetc_0003.txt
453	767	755	I:\BL_TXTS\1820s\1828\08\1828.08.16_TheNewcastleCourantetc_0003.txt	I:\BL_TXTS\1820s\1828\05\1828.05.31_TheNewcastleCourantetc_0003.txt
222	374	383	I:\BL_TXTS\1820s\1828\08\1828.08.16_TheNewcastleCourantetc_0004.txt	I:\BL_TXTS\1820s\1828\05\1828.05.03_TheNewcastleCourantetc_0004.txt
263	449	455	I:\BL_TXTS\1820s\1828\08\1828.08.16_TheNewcastleCourantetc_0004.txt	I:\BL_TXTS\1820s\1828\05\1828.05.10_TheNewcastleCourantetc_0004.txt
201	325	327	I:\BL_TXTS\1820s\1828\08\1828.08.16_TheNewcastleCourantetc_0004.txt	I:\BL_TXTS\1820s\1828\05\1828.05.17_TheNewcastleCourantetc_0004.txt
275	467	462	I:\BL_TXTS\1820s\1828\08\1828.08.16_TheNewcastleCourantetc_0004.txt	I:\BL_TXTS\1820s\1828\05\1828.05.24_TheNewcastleCourantetc_0004.txt
357	601	587	I:\BL_TXTS\1820s\1828\08\1828.08.16_TheNewcastleCourantetc_0004.txt	I:\BL_TXTS\1820s\1828\05\1828.05.31_TheNewcastleCourantetc_0004.txt
704	909	907	I:\BL_TXTS\1820s\1828\08\1828.08.17_TheExaminer_0016.txt	I:\BL_TXTS\1820s\1828\05\1828.05.25_TheExaminer_0016.txt
204	329	337	I:\BL_TXTS\1820s\1828\08\1828.08.19_TheBelfastNews-Letter_0001.txt	I:\BL_TXTS\1820s\1828\05\1828.05.27_TheBelfastNews-Letter_0004.txt
214	276	291	I:\BL_TXTS\1820s\1828\08\1828.08.19_TheBelfastNews-Letter_0003.txt	I:\BL_TXTS\1820s\1828\05\1828.05.06_TheBelfastNews-Letter_0003.txt
242	325	326	I:\BL_TXTS\1820s\1828\08\1828.08.19_TheHullPacketandHumberMercury_0002.txt	I:\BL_TXTS\1820s\1828\05\1828.05.20_TheHullPacketandHumberMercury_0002.txt
238	339	350	I:\BL_TXTS\1820s\1828\08\1828.08.20_TheDerbyMercury_0001.txt	I:\BL_TXTS\1820s\1828\05\1828.05.07_TheDerbyMercury_0001.txt
239	342	325	I:\BL_TXTS\1820s\1828\08\1828.08.20_TheDerbyMercury_0001.txt	I:\BL_TXTS\1820s\1828\05\1828.05.07_TheDerbyMercury_0003.txt
351	507	513	I:\BL_TXTS\1820s\1828\08\1828.08.20_TheDerbyMercury_0001.txt	I:\BL_TXTS\1820s\1828\05\1828.05.14_TheDerbyMercury_0001.txt
216	283	286	I:\BL_TXTS\1820s\1828\08\1828.08.20_TheDerbyMercury_0001.txt	I:\BL_TXTS\1820s\1828\05\1828.05.21_TheDerbyMercury_0001.txt
288	422	420	I:\BL_TXTS\1820s\1828\08\1828.08.20_TheDerbyMercury_0001.txt	I:\BL_TXTS\1820s\1828\05\1828.05.21_TheDerbyMercury_0002.txt
263	389	393	I:\BL_TXTS\1820s\1828\08\1828.08.20_TheDerbyMercury_0001.txt	I:\BL_TXTS\1820s\1828\05\1828.05.28_TheDerbyMercury_0001.txt
239	380	384	I:\BL_TXTS\1820s\1828\08\1828.08.20_TheDerbyMercury_0001.txt	I:\BL_TXTS\1820s\1828\05\1828.05.28_TheDerbyMercury_0002.txt
204	358	371	I:\BL_TXTS\1820s\1828\08\1828.08.20_TheDerbyMercury_0004.txt	I:\BL_TXTS\1820s\1828\05\1828.05.14_TheDerbyMercury_0004.txt
262	449	442	I:\BL_TXTS\1820s\1828\08\1828.08.21_CaledonianMercury_0001.txt	I:\BL_TXTS\1820s\1828\05\1828.05.05_CaledonianMercury_0001.txt
201	336	355	I:\BL_TXTS\1820s\1828\08\1828.08.21_CaledonianMercury_0001.txt	I:\BL_TXTS\1820s\1828\05\1828.05.12_CaledonianMercury_0001.txt
288	435	431	I:\BL_TXTS\1820s\1828\08\1828.08.22_LiverpoolMercuryetc_0004.txt	I:\BL_TXTS\1820s\1828\05\1828.05.02_LiverpoolMercuryetc_0004.txt
362	538	548	I:\BL_TXTS\1820s\1828\08\1828.08.22_LiverpoolMercuryetc_0004.txt	I:\BL_TXTS\1820s\1828\05\1828.05.16_LiverpoolMercuryetc_0004.txt
323	452	460	I:\BL_TXTS\1820s\1828\08\1828.08.22_LiverpoolMercuryetc_0004.txt	I:\BL_TXTS\1820s\1828\05\1828.05.23_LiverpoolMercuryetc_0004.txt
302	451	450	I:\BL_TXTS\1820s\1828\08\1828.08.22_LiverpoolMercuryetc_0004.txt	I:\BL_TXTS\1820s\1828\05\1828.05.30_LiverpoolMercuryetc_0004.txt
464	708	717	I:\BL_TXTS\1820s\1828\08\1828.08.22_LiverpoolMercuryetc_0007.txt	I:\BL_TXTS\1820s\1828\05\1828.05.09_LiverpoolMercuryetc_0007.txt
286	437	420	I:\BL_TXTS\1820s\1828\08\1828.08.22_LiverpoolMercuryetc_0007.txt	I:\BL_TXTS\1820s\1828\05\1828.05.16_LiverpoolMercuryetc_0007.txt
331	526	549	I:\BL_TXTS\1820s\1828\08\1828.08.22_LiverpoolMercuryetc_0007.txt	I:\BL_TXTS\1820s\1828\05\1828.05.23_LiverpoolMercuryetc_0007.txt
242	375	386	I:\BL_TXTS\1820s\1828\08\1828.08.22_LiverpoolMercuryetc_0007.txt	I:\BL_TXTS\1820s\1828\05\1828.05.30_LiverpoolMercuryetc_0007.txt
234	354	355	I:\BL_TXTS\1820s\1828\08\1828.08.22_TheBelfastNews-Letter_0001.txt	I:\BL_TXTS\1820s\1828\05\1828.05.13_TheBelfastNews-Letter_0003.txt
249	355	354	I:\BL_TXTS\1820s\1828\08\1828.08.22_TheBelfastNews-Letter_0001.txt	I:\BL_TXTS\1820s\1828\05\1828.05.20_TheBelfastNews-Letter_0003.txt
352	521	515	I:\BL_TXTS\1820s\1828\08\1828.08.22_TheBelfastNews-Letter_0001.txt	I:\BL_TXTS\1820s\1828\05\1828.05.27_TheBelfastNews-Letter_0003.txt
370	619	636	I:\BL_TXTS\1820s\1828\08\1828.08.22_TheBelfastNews-Letter_0004.txt	I:\BL_TXTS\1820s\1828\05\1828.05.02_TheBelfastNews-Letter_0004.txt
511	807	803	I:\BL_TXTS\1820s\1828\08\1828.08.22_TheBelfastNews-Letter_0004.txt	I:\BL_TXTS\1820s\1828\05\1828.05.09_TheBelfastNews-Letter_0004.txt
325	560	555	I:\BL_TXTS\1820s\1828\08\1828.08.22_TheBelfastNews-Letter_0004.txt	I:\BL_TXTS\1820s\1828\05\1828.05.16_TheBelfastNews-Letter_0004.txt
470	771	749	I:\BL_TXTS\1820s\1828\08\1828.08.22_TheBelfastNews-Letter_0004.txt	I:\BL_TXTS\1820s\1828\05\1828.05.23_TheBelfastNews-Letter_0004.txt
489	771	775	I:\BL_TXTS\1820s\1828\08\1828.08.22_TheBelfastNews-Letter_0004.txt	I:\BL_TXTS\1820s\1828\05\1828.05.30_TheBelfastNews-Letter_0004.txt
257	356	354	I:\BL_TXTS\1820s\1828\08\1828.08.23_TheNewcastleCourantetc_0001.txt	I:\BL_TXTS\1820s\1828\05\1828.05.10_TheNewcastleCourantetc_0001.txt
694	1131	1119	I:\BL_TXTS\1820s\1828\08\1828.08.23_TheNewcastleCourantetc_0003.txt	I:\BL_TXTS\1820s\1828\05\1828.05.03_TheNewcastleCourantetc_0002.txt
606	943	935	I:\BL_TXTS\1820s\1828\08\1828.08.23_TheNewcastleCourantetc_0003.txt	I:\BL_TXTS\1820s\1828\05\1828.05.10_TheNewcastleCourantetc_0003.txt
485	833	820	I:\BL_TXTS\1820s\1828\08\1828.08.23_TheNewcastleCourantetc_0003.txt	I:\BL_TXTS\1820s\1828\05\1828.05.17_TheNewcastleCourantetc_0003.txt
594	933	937	I:\BL_TXTS\1820s\1828\08\1828.08.23_TheNewcastleCourantetc_0003.txt	I:\BL_TXTS\1820s\1828\05\1828.05.24_TheNewcastleCourantetc_0003.txt
684	1098	1089	I:\BL_TXTS\1820s\1828\08\1828.08.23_TheNewcastleCourantetc_0003.txt	I:\BL_TXTS\1820s\1828\05\1828.05.31_TheNewcastleCourantetc_0003.txt
248	435	429	I:\BL_TXTS\1820s\1828\08\1828.08.23_TheNewcastleCourantetc_0004.txt	I:\BL_TXTS\1820s\1828\05\1828.05.03_TheNewcastleCourantetc_0004.txt
216	388	393	I:\BL_TXTS\1820s\1828\08\1828.08.23_TheNewcastleCourantetc_0004.txt	I:\BL_TXTS\1820s\1828\05\1828.05.10_TheNewcastleCourantetc_0004.txt
284	487	467	I:\BL_TXTS\1820s\1828\08\1828.08.23_TheNewcastleCourantetc_0004.txt	I:\BL_TXTS\1820s\1828\05\1828.05.17_TheNewcastleCourantetc_0004.txt
359	635	639	I:\BL_TXTS\1820s\1828\08\1828.08.23_TheNewcastleCourantetc_0004.txt	I:\BL_TXTS\1820s\1828\05\1828.05.24_TheNewcastleCourantetc_0004.txt
253	431	427	I:\BL_TXTS\1820s\1828\08\1828.08.23_TheNewcastleCourantetc_0004.txt	I:\BL_TXTS\1820s\1828\05\1828.05.31_TheNewcastleCourantetc_0004.txt
257	347	357	I:\BL_TXTS\1820s\1828\08\1828.08.26_TheBelfastNews-Letter_0003.txt	I:\BL_TXTS\1820s\1828\05\1828.05.13_TheBelfastNews-Letter_0003.txt
252	358	352	I:\BL_TXTS\1820s\1828\08\1828.08.26_TheBristolMercury_0004.txt	I:\BL_TXTS\1820s\1828\05\1828.05.13_TheBristolMercury_0004.txt
235	360	360	I:\BL_TXTS\1820s\1828\08\1828.08.26_TheBristolMercury_0004.txt	I:\BL_TXTS\1820s\1828\05\1828.05.20_TheBristolMercury_0004.txt
234	357	360	I:\BL_TXTS\1820s\1828\08\1828.08.26_TheBristolMercury_0004.txt	I:\BL_TXTS\1820s\1828\05\1828.05.27_TheBristolMercury_0004.txt
200	276	279	I:\BL_TXTS\1820s\1828\08\1828.08.26_TheHullPacketandHumberMercury_0002.txt	I:\BL_TXTS\1820s\1828\05\1828.05.20_TheHullPacketandHumberMercury_0002.txt
277	345	331	I:\BL_TXTS\1820s\1828\08\1828.08.26_TheHullPacketandHumberMercury_0002.txt	I:\BL_TXTS\1820s\1828\05\1828.05.27_TheHullPacketandHumberMercury_0002.txt
242	357	366	I:\BL_TXTS\1820s\1828\08\1828.08.27_TheDerbyMercury_0001.txt	I:\BL_TXTS\1820s\1828\05\1828.05.07_TheDerbyMercury_0001.txt
206	312	309	I:\BL_TXTS\1820s\1828\08\1828.08.27_TheDerbyMercury_0002.txt	I:\BL_TXTS\1820s\1828\05\1828.05.21_TheDerbyMercury_0002.txt
230	362	373	I:\BL_TXTS\1820s\1828\08\1828.08.29_LiverpoolMercuryetc_0004.txt	I:\BL_TXTS\1820s\1828\05\1828.05.02_LiverpoolMercuryetc_0004.txt
216	345	348	I:\BL_TXTS\1820s\1828\08\1828.08.29_LiverpoolMercuryetc_0004.txt	I:\BL_TXTS\1820s\1828\05\1828.05.09_LiverpoolMercuryetc_0004.txt
350	521	525	I:\BL_TXTS\1820s\1828\08\1828.08.29_LiverpoolMercuryetc_0004.txt	I:\BL_TXTS\1820s\1828\05\1828.05.16_LiverpoolMercuryetc_0004.txt
321	484	497	I:\BL_TXTS\1820s\1828\08\1828.08.29_LiverpoolMercuryetc_0004.txt	I:\BL_TXTS\1820s\1828\05\1828.05.23_LiverpoolMercuryetc_0004.txt
233	361	364	I:\BL_TXTS\1820s\1828\08\1828.08.29_LiverpoolMercuryetc_0004.txt	I:\BL_TXTS\1820s\1828\05\1828.05.30_LiverpoolMercuryetc_0004.txt
339	576	581	I:\BL_TXTS\1820s\1828\08\1828.08.29_TheBelfastNews-Letter_0004.txt	I:\BL_TXTS\1820s\1828\05\1828.05.02_TheBelfastNews-Letter_0004.txt
379	631	626	I:\BL_TXTS\1820s\1828\08\1828.08.29_TheBelfastNews-Letter_0004.txt	I:\BL_TXTS\1820s\1828\05\1828.05.09_TheBelfastNews-Letter_0004.txt
321	546	556	I:\BL_TXTS\1820s\1828\08\1828.08.29_TheBelfastNews-Letter_0004.txt	I:\BL_TXTS\1820s\1828\05\1828.05.16_TheBelfastNews-Letter_0004.txt
397	648	627	I:\BL_TXTS\1820s\1828\08\1828.08.29_TheBelfastNews-Letter_0004.txt	I:\BL_TXTS\1820s\1828\05\1828.05.23_TheBelfastNews-Letter_0004.txt
409	647	654	I:\BL_TXTS\1820s\1828\08\1828.08.29_TheBelfastNews-Letter_0004.txt	I:\BL_TXTS\1820s\1828\05\1828.05.30_TheBelfastNews-Letter_0004.txt
222	297	299	I:\BL_TXTS\1820s\1828\08\1828.08.30_TheNewcastleCourantetc_0001.txt	I:\BL_TXTS\1820s\1828\05\1828.05.03_TheNewcastleCourantetc_0001.txt
236	321	322	I:\BL_TXTS\1820s\1828\08\1828.08.30_TheNewcastleCourantetc_0001.txt	I:\BL_TXTS\1820s\1828\05\1828.05.10_TheNewcastleCourantetc_0001.txt
218	292	289	I:\BL_TXTS\1820s\1828\08\1828.08.30_TheNewcastleCourantetc_0001.txt	I:\BL_TXTS\1820s\1828\05\1828.05.17_TheNewcastleCourantetc_0001.txt
223	343	350	I:\BL_TXTS\1820s\1828\08\1828.08.30_TheNewcastleCourantetc_0001.txt	I:\BL_TXTS\1820s\1828\05\1828.05.31_TheNewcastleCourantetc_0001.txt
615	1042	1029	I:\BL_TXTS\1820s\1828\08\1828.08.30_TheNewcastleCourantetc_0003.txt	I:\BL_TXTS\1820s\1828\05\1828.05.03_TheNewcastleCourantetc_0002.txt
636	1041	1030	I:\BL_TXTS\1820s\1828\08\1828.08.30_TheNewcastleCourantetc_0003.txt	I:\BL_TXTS\1820s\1828\05\1828.05.10_TheNewcastleCourantetc_0003.txt
600	953	949	I:\BL_TXTS\1820s\1828\08\1828.08.30_TheNewcastleCourantetc_0003.txt	I:\BL_TXTS\1820s\1828\05\1828.05.17_TheNewcastleCourantetc_0003.txt
550	904	897	I:\BL_TXTS\1820s\1828\08\1828.08.30_TheNewcastleCourantetc_0003.txt	I:\BL_TXTS\1820s\1828\05\1828.05.24_TheNewcastleCourantetc_0003.txt
660	1070	1055	I:\BL_TXTS\1820s\1828\08\1828.08.30_TheNewcastleCourantetc_0003.txt	I:\BL_TXTS\1820s\1828\05\1828.05.31_TheNewcastleCourantetc_0003.txt
202	353	359	I:\BL_TXTS\1820s\1828\08\1828.08.30_TheNewcastleCourantetc_0004.txt	I:\BL_TXTS\1820s\1828\05\1828.05.10_TheNewcastleCourantetc_0004.txt
222	376	384	I:\BL_TXTS\1820s\1828\09\1828.09.01_CaledonianMercury_0001.txt	I:\BL_TXTS\1820s\1828\05\1828.05.01_CaledonianMercury_0001.txt
285	430	411	I:\BL_TXTS\1820s\1828\09\1828.09.02_TheBristolMercury_0004.txt	I:\BL_TXTS\1820s\1828\05\1828.05.13_TheBristolMercury_0004.txt
265	415	410	I:\BL_TXTS\1820s\1828\09\1828.09.02_TheBristolMercury_0004.txt	I:\BL_TXTS\1820s\1828\05\1828.05.20_TheBristolMercury_0004.txt
236	353	352	I:\BL_TXTS\1820s\1828\09\1828.09.02_TheBristolMercury_0004.txt	I:\BL_TXTS\1820s\1828\05\1828.05.27_TheBristolMercury_0004.txt
200	332	320	I:\BL_TXTS\1820s\1828\09\1828.09.02_TheMorningChronicle_0004.txt	I:\BL_TXTS\1820s\1828\05\1828.05.06_TheMorningChronicle_0004.txt
214	300	308	I:\BL_TXTS\1820s\1828\09\1828.09.03_TheDerbyMercury_0002.txt	I:\BL_TXTS\1820s\1828\05\1828.05.07_TheDerbyMercury_0001.txt
292	429	436	I:\BL_TXTS\1820s\1828\09\1828.09.03_TheDerbyMercury_0002.txt	I:\BL_TXTS\1820s\1828\05\1828.05.14_TheDerbyMercury_0001.txt
201	290	307	I:\BL_TXTS\1820s\1828\09\1828.09.03_TheDerbyMercury_0002.txt	I:\BL_TXTS\1820s\1828\05\1828.05.14_TheDerbyMercury_0002.txt
244	333	340	I:\BL_TXTS\1820s\1828\09\1828.09.03_TheDerbyMercury_0002.txt	I:\BL_TXTS\1820s\1828\05\1828.05.21_TheDerbyMercury_0002.txt
210	317	323	I:\BL_TXTS\1820s\1828\09\1828.09.03_TheDerbyMercury_0002.txt	I:\BL_TXTS\1820s\1828\05\1828.05.28_TheDerbyMercury_0001.txt
244	355	359	I:\BL_TXTS\1820s\1828\09\1828.09.03_TheDerbyMercury_0003.txt	I:\BL_TXTS\1820s\1828\05\1828.05.07_TheDerbyMercury_0003.txt
213	388	384	I:\BL_TXTS\1820s\1828\09\1828.09.04_NorthWalesChronicle_0003.txt	I:\BL_TXTS\1820s\1828\05\1828.05.15_NorthWalesChronicle_0003.txt
274	433	436	I:\BL_TXTS\1820s\1828\09\1828.09.05_LiverpoolMercuryetc_0004.txt	I:\BL_TXTS\1820s\1828\05\1828.05.02_LiverpoolMercuryetc_0004.txt
337	487	497	I:\BL_TXTS\1820s\1828\09\1828.09.05_LiverpoolMercuryetc_0004.txt	I:\BL_TXTS\1820s\1828\05\1828.05.16_LiverpoolMercuryetc_0004.txt
343	537	537	I:\BL_TXTS\1820s\1828\09\1828.09.05_LiverpoolMercuryetc_0004.txt	I:\BL_TXTS\1820s\1828\05\1828.05.23_LiverpoolMercuryetc_0004.txt
272	409	414	I:\BL_TXTS\1820s\1828\09\1828.09.05_LiverpoolMercuryetc_0004.txt	I:\BL_TXTS\1820s\1828\05\1828.05.30_LiverpoolMercuryetc_0004.txt
205	326	320	I:\BL_TXTS\1820s\1828\09\1828.09.05_LiverpoolMercuryetc_0007.txt	I:\BL_TXTS\1820s\1828\05\1828.05.09_LiverpoolMercuryetc_0007.txt
336	517	533	I:\BL_TXTS\1820s\1828\09\1828.09.05_LiverpoolMercuryetc_0007.txt	I:\BL_TXTS\1820s\1828\05\1828.05.16_LiverpoolMercuryetc_0007.txt
242	354	371	I:\BL_TXTS\1820s\1828\09\1828.09.05_LiverpoolMercuryetc_0007.txt	I:\BL_TXTS\1820s\1828\05\1828.05.30_LiverpoolMercuryetc_0007.txt
239	399	399	I:\BL_TXTS\1820s\1828\09\1828.09.05_TheBelfastNews-Letter_0004.txt	I:\BL_TXTS\1820s\1828\05\1828.05.02_TheBelfastNews-Letter_0004.txt
220	356	360	I:\BL_TXTS\1820s\1828\09\1828.09.05_TheBelfastNews-Letter_0004.txt	I:\BL_TXTS\1820s\1828\05\1828.05.09_TheBelfastNews-Letter_0004.txt
270	421	414	I:\BL_TXTS\1820s\1828\09\1828.09.05_TheBelfastNews-Letter_0004.txt	I:\BL_TXTS\1820s\1828\05\1828.05.23_TheBelfastNews-Letter_0004.txt
282	457	464	I:\BL_TXTS\1820s\1828\09\1828.09.05_TheBelfastNews-Letter_0004.txt	I:\BL_TXTS\1820s\1828\05\1828.05.30_TheBelfastNews-Letter_0004.txt
264	419	419	I:\BL_TXTS\1820s\1828\09\1828.09.06_TheIpswichJournal_0001.txt	I:\BL_TXTS\1820s\1828\05\1828.05.10_TheIpswichJournal_0001.txt
207	269	263	I:\BL_TXTS\1820s\1828\09\1828.09.06_TheIpswichJournal_0001.txt	I:\BL_TXTS\1820s\1828\05\1828.05.19_HampshireTelegraphandSussexChronicleetc_0001.txt
445	548	555	I:\BL_TXTS\1820s\1828\09\1828.09.06_TheNewcastleCourantetc_0001.txt	I:\BL_TXTS\1820s\1828\05\1828.05.03_TheNewcastleCourantetc_0001.txt
211	285	280	I:\BL_TXTS\1820s\1828\09\1828.09.06_TheNewcastleCourantetc_0001.txt	I:\BL_TXTS\1820s\1828\05\1828.05.24_TheNewcastleCourantetc_0001.txt
575	954	948	I:\BL_TXTS\1820s\1828\09\1828.09.06_TheNewcastleCourantetc_0003.txt	I:\BL_TXTS\1820s\1828\05\1828.05.03_TheNewcastleCourantetc_0002.txt
426	724	712	I:\BL_TXTS\1820s\1828\09\1828.09.06_TheNewcastleCourantetc_0003.txt	I:\BL_TXTS\1820s\1828\05\1828.05.10_TheNewcastleCourantetc_0003.txt
303	518	524	I:\BL_TXTS\1820s\1828\09\1828.09.06_TheNewcastleCourantetc_0003.txt	I:\BL_TXTS\1820s\1828\05\1828.05.17_TheNewcastleCourantetc_0003.txt
486	805	788	I:\BL_TXTS\1820s\1828\09\1828.09.06_TheNewcastleCourantetc_0003.txt	I:\BL_TXTS\1820s\1828\05\1828.05.24_TheNewcastleCourantetc_0003.txt
499	827	814	I:\BL_TXTS\1820s\1828\09\1828.09.06_TheNewcastleCourantetc_0003.txt	I:\BL_TXTS\1820s\1828\05\1828.05.31_TheNewcastleCourantetc_0003.txt
479	786	780	I:\BL_TXTS\1820s\1828\09\1828.09.06_TheNewcastleCourantetc_0004.txt	I:\BL_TXTS\1820s\1828\05\1828.05.03_TheNewcastleCourantetc_0004.txt
288	471	469	I:\BL_TXTS\1820s\1828\09\1828.09.06_TheNewcastleCourantetc_0004.txt	I:\BL_TXTS\1820s\1828\05\1828.05.10_TheNewcastleCourantetc_0004.txt
337	569	565	I:\BL_TXTS\1820s\1828\09\1828.09.06_TheNewcastleCourantetc_0004.txt	I:\BL_TXTS\1820s\1828\05\1828.05.17_TheNewcastleCourantetc_0004.txt
401	627	624	I:\BL_TXTS\1820s\1828\09\1828.09.06_TheNewcastleCourantetc_0004.txt	I:\BL_TXTS\1820s\1828\05\1828.05.24_TheNewcastleCourantetc_0004.txt
279	389	382	I:\BL_TXTS\1820s\1828\09\1828.09.06_TheNewcastleCourantetc_0004.txt	I:\BL_TXTS\1820s\1828\05\1828.05.31_TheNewcastleCourantetc_0001.txt
292	474	464	I:\BL_TXTS\1820s\1828\09\1828.09.06_TheNewcastleCourantetc_0004.txt	I:\BL_TXTS\1820s\1828\05\1828.05.31_TheNewcastleCourantetc_0004.txt
208	295	287	I:\BL_TXTS\1820s\1828\09\1828.09.08_TheMorningChronicle_0003.txt	I:\BL_TXTS\1820s\1828\05\1828.05.19_CaledonianMercury_0004.txt
233	309	309	I:\BL_TXTS\1820s\1828\09\1828.09.09_TheBelfastNews-Letter_0001.txt	I:\BL_TXTS\1820s\1828\05\1828.05.27_TheBelfastNews-Letter_0001.txt
200	259	272	I:\BL_TXTS\1820s\1828\09\1828.09.09_TheBelfastNews-Letter_0003.txt	I:\BL_TXTS\1820s\1828\05\1828.05.06_TheBelfastNews-Letter_0003.txt
294	505	468	I:\BL_TXTS\1820s\1828\09\1828.09.09_TheBristolMercury_0003.txt	I:\BL_TXTS\1820s\1828\05\1828.05.13_TheBristolMercury_0003.txt
211	347	318	I:\BL_TXTS\1820s\1828\09\1828.09.09_TheBristolMercury_0004.txt	I:\BL_TXTS\1820s\1828\05\1828.05.13_TheBristolMercury_0004.txt
212	355	330	I:\BL_TXTS\1820s\1828\09\1828.09.09_TheBristolMercury_0004.txt	I:\BL_TXTS\1820s\1828\05\1828.05.27_TheBristolMercury_0004.txt
331	493	499	I:\BL_TXTS\1820s\1828\09\1828.09.12_LiverpoolMercuryetc_0004.txt	I:\BL_TXTS\1820s\1828\05\1828.05.02_LiverpoolMercuryetc_0004.txt
263	379	377	I:\BL_TXTS\1820s\1828\09\1828.09.12_LiverpoolMercuryetc_0004.txt	I:\BL_TXTS\1820s\1828\05\1828.05.09_LiverpoolMercuryetc_0004.txt
426	636	633	I:\BL_TXTS\1820s\1828\09\1828.09.12_LiverpoolMercuryetc_0004.txt	I:\BL_TXTS\1820s\1828\05\1828.05.16_LiverpoolMercuryetc_0004.txt
362	526	521	I:\BL_TXTS\1820s\1828\09\1828.09.12_LiverpoolMercuryetc_0004.txt	I:\BL_TXTS\1820s\1828\05\1828.05.23_LiverpoolMercuryetc_0004.txt
381	606	597	I:\BL_TXTS\1820s\1828\09\1828.09.12_LiverpoolMercuryetc_0004.txt	I:\BL_TXTS\1820s\1828\05\1828.05.30_LiverpoolMercuryetc_0004.txt
216	341	344	I:\BL_TXTS\1820s\1828\09\1828.09.12_LiverpoolMercuryetc_0007.txt	I:\BL_TXTS\1820s\1828\05\1828.05.02_LiverpoolMercuryetc_0007.txt
542	829	826	I:\BL_TXTS\1820s\1828\09\1828.09.12_LiverpoolMercuryetc_0007.txt	I:\BL_TXTS\1820s\1828\05\1828.05.09_LiverpoolMercuryetc_0007.txt
210	345	339	I:\BL_TXTS\1820s\1828\09\1828.09.12_LiverpoolMercuryetc_0007.txt	I:\BL_TXTS\1820s\1828\05\1828.05.13_TheBristolMercury_0003.txt
307	471	468	I:\BL_TXTS\1820s\1828\09\1828.09.12_LiverpoolMercuryetc_0007.txt	I:\BL_TXTS\1820s\1828\05\1828.05.16_LiverpoolMercuryetc_0007.txt
298	497	524	I:\BL_TXTS\1820s\1828\09\1828.09.12_LiverpoolMercuryetc_0007.txt	I:\BL_TXTS\1820s\1828\05\1828.05.23_LiverpoolMercuryetc_0007.txt
299	459	457	I:\BL_TXTS\1820s\1828\09\1828.09.12_LiverpoolMercuryetc_0007.txt	I:\BL_TXTS\1820s\1828\05\1828.05.30_LiverpoolMercuryetc_0007.txt
353	511	518	I:\BL_TXTS\1820s\1828\09\1828.09.12_TheBelfastNews-Letter_0001.txt	I:\BL_TXTS\1820s\1828\05\1828.05.09_TheBelfastNews-Letter_0001.txt
251	444	444	I:\BL_TXTS\1820s\1828\09\1828.09.12_TheBelfastNews-Letter_0004.txt	I:\BL_TXTS\1820s\1828\05\1828.05.02_TheBelfastNews-Letter_0004.txt
349	569	562	I:\BL_TXTS\1820s\1828\09\1828.09.12_TheBelfastNews-Letter_0004.txt	I:\BL_TXTS\1820s\1828\05\1828.05.09_TheBelfastNews-Letter_0004.txt
332	572	573	I:\BL_TXTS\1820s\1828\09\1828.09.12_TheBelfastNews-Letter_0004.txt	I:\BL_TXTS\1820s\1828\05\1828.05.16_TheBelfastNews-Letter_0004.txt
449	736	715	I:\BL_TXTS\1820s\1828\09\1828.09.12_TheBelfastNews-Letter_0004.txt	I:\BL_TXTS\1820s\1828\05\1828.05.23_TheBelfastNews-Letter_0004.txt
293	475	479	I:\BL_TXTS\1820s\1828\09\1828.09.12_TheBelfastNews-Letter_0004.txt	I:\BL_TXTS\1820s\1828\05\1828.05.30_TheBelfastNews-Letter_0004.txt
408	768	754	I:\BL_TXTS\1820s\1828\09\1828.09.13_TheNewcastleCourantetc_0003.txt	I:\BL_TXTS\1820s\1828\05\1828.05.03_TheNewcastleCourantetc_0002.txt
277	509	505	I:\BL_TXTS\1820s\1828\09\1828.09.13_TheNewcastleCourantetc_0003.txt	I:\BL_TXTS\1820s\1828\05\1828.05.10_TheNewcastleCourantetc_0003.txt
377	682	673	I:\BL_TXTS\1820s\1828\09\1828.09.13_TheNewcastleCourantetc_0003.txt	I:\BL_TXTS\1820s\1828\05\1828.05.17_TheNewcastleCourantetc_0003.txt
299	529	534	I:\BL_TXTS\1820s\1828\09\1828.09.13_TheNewcastleCourantetc_0003.txt	I:\BL_TXTS\1820s\1828\05\1828.05.24_TheNewcastleCourantetc_0003.txt
431	743	727	I:\BL_TXTS\1820s\1828\09\1828.09.13_TheNewcastleCourantetc_0003.txt	I:\BL_TXTS\1820s\1828\05\1828.05.31_TheNewcastleCourantetc_0003.txt
308	533	551	I:\BL_TXTS\1820s\1828\09\1828.09.13_TheNewcastleCourantetc_0004.txt	I:\BL_TXTS\1820s\1828\05\1828.05.03_TheNewcastleCourantetc_0004.txt
298	508	499	I:\BL_TXTS\1820s\1828\09\1828.09.13_TheNewcastleCourantetc_0004.txt	I:\BL_TXTS\1820s\1828\05\1828.05.10_TheNewcastleCourantetc_0004.txt
307	550	546	I:\BL_TXTS\1820s\1828\09\1828.09.13_TheNewcastleCourantetc_0004.txt	I:\BL_TXTS\1820s\1828\05\1828.05.17_TheNewcastleCourantetc_0004.txt
365	640	626	I:\BL_TXTS\1820s\1828\09\1828.09.13_TheNewcastleCourantetc_0004.txt	I:\BL_TXTS\1820s\1828\05\1828.05.24_TheNewcastleCourantetc_0004.txt
282	477	464	I:\BL_TXTS\1820s\1828\09\1828.09.13_TheNewcastleCourantetc_0004.txt	I:\BL_TXTS\1820s\1828\05\1828.05.31_TheNewcastleCourantetc_0004.txt
282	412	415	I:\BL_TXTS\1820s\1828\09\1828.09.16_TheBelfastNews-Letter_0001.txt	I:\BL_TXTS\1820s\1828\05\1828.05.13_TheBelfastNews-Letter_0003.txt
284	459	452	I:\BL_TXTS\1820s\1828\09\1828.09.16_TheBristolMercury_0003.txt	I:\BL_TXTS\1820s\1828\05\1828.05.13_TheBristolMercury_0003.txt
357	545	522	I:\BL_TXTS\1820s\1828\09\1828.09.16_TheBristolMercury_0004.txt	I:\BL_TXTS\1820s\1828\05\1828.05.13_TheBristolMercury_0004.txt
283	445	443	I:\BL_TXTS\1820s\1828\09\1828.09.16_TheBristolMercury_0004.txt	I:\BL_TXTS\1820s\1828\05\1828.05.20_TheBristolMercury_0004.txt
300	463	458	I:\BL_TXTS\1820s\1828\09\1828.09.16_TheBristolMercury_0004.txt	I:\BL_TXTS\1820s\1828\05\1828.05.27_TheBristolMercury_0004.txt
216	350	349	I:\BL_TXTS\1820s\1828\09\1828.09.17_TheDerbyMercury_0003.txt	I:\BL_TXTS\1820s\1828\05\1828.05.21_TheDerbyMercury_0002.txt
226	318	328	I:\BL_TXTS\1820s\1828\09\1828.09.17_TheDerbyMercury_0003.txt	I:\BL_TXTS\1820s\1828\05\1828.05.28_TheDerbyMercury_0002.txt
211	360	360	I:\BL_TXTS\1820s\1828\09\1828.09.18_NorthWalesChronicle_0003.txt	I:\BL_TXTS\1820s\1828\05\1828.05.15_NorthWalesChronicle_0003.txt
281	442	441	I:\BL_TXTS\1820s\1828\09\1828.09.19_LiverpoolMercuryetc_0004.txt	I:\BL_TXTS\1820s\1828\05\1828.05.02_LiverpoolMercuryetc_0004.txt
274	428	421	I:\BL_TXTS\1820s\1828\09\1828.09.19_LiverpoolMercuryetc_0004.txt	I:\BL_TXTS\1820s\1828\05\1828.05.09_LiverpoolMercuryetc_0004.txt
341	529	531	I:\BL_TXTS\1820s\1828\09\1828.09.19_LiverpoolMercuryetc_0004.txt	I:\BL_TXTS\1820s\1828\05\1828.05.16_LiverpoolMercuryetc_0004.txt
383	583	589	I:\BL_TXTS\1820s\1828\09\1828.09.19_LiverpoolMercuryetc_0004.txt	I:\BL_TXTS\1820s\1828\05\1828.05.23_LiverpoolMercuryetc_0004.txt
294	459	458	I:\BL_TXTS\1820s\1828\09\1828.09.19_LiverpoolMercuryetc_0004.txt	I:\BL_TXTS\1820s\1828\05\1828.05.30_LiverpoolMercuryetc_0004.txt
436	674	670	I:\BL_TXTS\1820s\1828\09\1828.09.19_LiverpoolMercuryetc_0007.txt	I:\BL_TXTS\1820s\1828\05\1828.05.09_LiverpoolMercuryetc_0007.txt
363	560	560	I:\BL_TXTS\1820s\1828\09\1828.09.19_LiverpoolMercuryetc_0007.txt	I:\BL_TXTS\1820s\1828\05\1828.05.16_LiverpoolMercuryetc_0007.txt
231	371	388	I:\BL_TXTS\1820s\1828\09\1828.09.19_LiverpoolMercuryetc_0007.txt	I:\BL_TXTS\1820s\1828\05\1828.05.23_LiverpoolMercuryetc_0007.txt
260	404	408	I:\BL_TXTS\1820s\1828\09\1828.09.19_LiverpoolMercuryetc_0007.txt	I:\BL_TXTS\1820s\1828\05\1828.05.30_LiverpoolMercuryetc_0007.txt
349	583	584	I:\BL_TXTS\1820s\1828\09\1828.09.19_TheBelfastNews-Letter_0004.txt	I:\BL_TXTS\1820s\1828\05\1828.05.02_TheBelfastNews-Letter_0004.txt
436	719	715	I:\BL_TXTS\1820s\1828\09\1828.09.19_TheBelfastNews-Letter_0004.txt	I:\BL_TXTS\1820s\1828\05\1828.05.09_TheBelfastNews-Letter_0004.txt
265	437	427	I:\BL_TXTS\1820s\1828\09\1828.09.19_TheBelfastNews-Letter_0004.txt	I:\BL_TXTS\1820s\1828\05\1828.05.16_TheBelfastNews-Letter_0004.txt
391	662	643	I:\BL_TXTS\1820s\1828\09\1828.09.19_TheBelfastNews-Letter_0004.txt	I:\BL_TXTS\1820s\1828\05\1828.05.23_TheBelfastNews-Letter_0004.txt
459	709	700	I:\BL_TXTS\1820s\1828\09\1828.09.19_TheBelfastNews-Letter_0004.txt	I:\BL_TXTS\1820s\1828\05\1828.05.30_TheBelfastNews-Letter_0004.txt
575	910	909	I:\BL_TXTS\1820s\1828\09\1828.09.20_TheNewcastleCourantetc_0003.txt	I:\BL_TXTS\1820s\1828\05\1828.05.03_TheNewcastleCourantetc_0002.txt
687	1127	1131	I:\BL_TXTS\1820s\1828\09\1828.09.20_TheNewcastleCourantetc_0003.txt	I:\BL_TXTS\1820s\1828\05\1828.05.10_TheNewcastleCourantetc_0003.txt
395	644	648	I:\BL_TXTS\1820s\1828\09\1828.09.20_TheNewcastleCourantetc_0003.txt	I:\BL_TXTS\1820s\1828\05\1828.05.17_TheNewcastleCourantetc_0003.txt
656	1019	1015	I:\BL_TXTS\1820s\1828\09\1828.09.20_TheNewcastleCourantetc_0003.txt	I:\BL_TXTS\1820s\1828\05\1828.05.24_TheNewcastleCourantetc_0003.txt
593	993	990	I:\BL_TXTS\1820s\1828\09\1828.09.20_TheNewcastleCourantetc_0003.txt	I:\BL_TXTS\1820s\1828\05\1828.05.31_TheNewcastleCourantetc_0003.txt
280	471	472	I:\BL_TXTS\1820s\1828\09\1828.09.20_TheNewcastleCourantetc_0004.txt	I:\BL_TXTS\1820s\1828\05\1828.05.03_TheNewcastleCourantetc_0004.txt
227	373	361	I:\BL_TXTS\1820s\1828\09\1828.09.20_TheNewcastleCourantetc_0004.txt	I:\BL_TXTS\1820s\1828\05\1828.05.10_TheNewcastleCourantetc_0004.txt
326	550	549	I:\BL_TXTS\1820s\1828\09\1828.09.20_TheNewcastleCourantetc_0004.txt	I:\BL_TXTS\1820s\1828\05\1828.05.17_TheNewcastleCourantetc_0004.txt
306	488	483	I:\BL_TXTS\1820s\1828\09\1828.09.20_TheNewcastleCourantetc_0004.txt	I:\BL_TXTS\1820s\1828\05\1828.05.24_TheNewcastleCourantetc_0004.txt
211	332	330	I:\BL_TXTS\1820s\1828\09\1828.09.20_TheNewcastleCourantetc_0004.txt	I:\BL_TXTS\1820s\1828\05\1828.05.31_TheNewcastleCourantetc_0004.txt
274	421	420	I:\BL_TXTS\1820s\1828\09\1828.09.24_TheDerbyMercury_0003.txt	I:\BL_TXTS\1820s\1828\05\1828.05.07_TheDerbyMercury_0003.txt
245	336	340	I:\BL_TXTS\1820s\1828\09\1828.09.24_TheDerbyMercury_0003.txt	I:\BL_TXTS\1820s\1828\05\1828.05.28_TheDerbyMercury_0002.txt
277	432	435	I:\BL_TXTS\1820s\1828\09\1828.09.24_TheDerbyMercury_0004.txt	I:\BL_TXTS\1820s\1828\05\1828.05.14_TheDerbyMercury_0004.txt
333	527	535	I:\BL_TXTS\1820s\1828\09\1828.09.26_LiverpoolMercuryetc_0004.txt	I:\BL_TXTS\1820s\1828\05\1828.05.02_LiverpoolMercuryetc_0004.txt
301	468	466	I:\BL_TXTS\1820s\1828\09\1828.09.26_LiverpoolMercuryetc_0004.txt	I:\BL_TXTS\1820s\1828\05\1828.05.09_LiverpoolMercuryetc_0004.txt
318	453	464	I:\BL_TXTS\1820s\1828\09\1828.09.26_LiverpoolMercuryetc_0004.txt	I:\BL_TXTS\1820s\1828\05\1828.05.16_LiverpoolMercuryetc_0004.txt
438	630	647	I:\BL_TXTS\1820s\1828\09\1828.09.26_LiverpoolMercuryetc_0004.txt	I:\BL_TXTS\1820s\1828\05\1828.05.23_LiverpoolMercuryetc_0004.txt
303	430	432	I:\BL_TXTS\1820s\1828\09\1828.09.26_LiverpoolMercuryetc_0004.txt	I:\BL_TXTS\1820s\1828\05\1828.05.30_LiverpoolMercuryetc_0004.txt
494	778	767	I:\BL_TXTS\1820s\1828\09\1828.09.26_LiverpoolMercuryetc_0007.txt	I:\BL_TXTS\1820s\1828\05\1828.05.09_LiverpoolMercuryetc_0007.txt
357	594	584	I:\BL_TXTS\1820s\1828\09\1828.09.26_LiverpoolMercuryetc_0007.txt	I:\BL_TXTS\1820s\1828\05\1828.05.16_LiverpoolMercuryetc_0007.txt
259	440	469	I:\BL_TXTS\1820s\1828\09\1828.09.26_LiverpoolMercuryetc_0007.txt	I:\BL_TXTS\1820s\1828\05\1828.05.23_LiverpoolMercuryetc_0007.txt
241	360	367	I:\BL_TXTS\1820s\1828\09\1828.09.26_LiverpoolMercuryetc_0007.txt	I:\BL_TXTS\1820s\1828\05\1828.05.30_LiverpoolMercuryetc_0007.txt
237	359	364	I:\BL_TXTS\1820s\1828\09\1828.09.26_TheBelfastNews-Letter_0001.txt	I:\BL_TXTS\1820s\1828\05\1828.05.13_TheBelfastNews-Letter_0003.txt
260	360	360	I:\BL_TXTS\1820s\1828\09\1828.09.26_TheBelfastNews-Letter_0001.txt	I:\BL_TXTS\1820s\1828\05\1828.05.20_TheBelfastNews-Letter_0003.txt
266	357	356	I:\BL_TXTS\1820s\1828\09\1828.09.26_TheBelfastNews-Letter_0001.txt	I:\BL_TXTS\1820s\1828\05\1828.05.27_TheBelfastNews-Letter_0003.txt
336	587	578	I:\BL_TXTS\1820s\1828\09\1828.09.26_TheBelfastNews-Letter_0004.txt	I:\BL_TXTS\1820s\1828\05\1828.05.02_TheBelfastNews-Letter_0004.txt
472	780	781	I:\BL_TXTS\1820s\1828\09\1828.09.26_TheBelfastNews-Letter_0004.txt	I:\BL_TXTS\1820s\1828\05\1828.05.09_TheBelfastNews-Letter_0004.txt
310	518	509	I:\BL_TXTS\1820s\1828\09\1828.09.26_TheBelfastNews-Letter_0004.txt	I:\BL_TXTS\1820s\1828\05\1828.05.16_TheBelfastNews-Letter_0004.txt
488	820	799	I:\BL_TXTS\1820s\1828\09\1828.09.26_TheBelfastNews-Letter_0004.txt	I:\BL_TXTS\1820s\1828\05\1828.05.23_TheBelfastNews-Letter_0004.txt
484	792	787	I:\BL_TXTS\1820s\1828\09\1828.09.26_TheBelfastNews-Letter_0004.txt	I:\BL_TXTS\1820s\1828\05\1828.05.30_TheBelfastNews-Letter_0004.txt
248	337	339	I:\BL_TXTS\1820s\1828\09\1828.09.27_TheNewcastleCourantetc_0001.txt	I:\BL_TXTS\1820s\1828\05\1828.05.03_TheNewcastleCourantetc_0001.txt
653	1092	1065	I:\BL_TXTS\1820s\1828\09\1828.09.27_TheNewcastleCourantetc_0003.txt	I:\BL_TXTS\1820s\1828\05\1828.05.03_TheNewcastleCourantetc_0002.txt
684	1122	1112	I:\BL_TXTS\1820s\1828\09\1828.09.27_TheNewcastleCourantetc_0003.txt	I:\BL_TXTS\1820s\1828\05\1828.05.10_TheNewcastleCourantetc_0003.txt
462	834	837	I:\BL_TXTS\1820s\1828\09\1828.09.27_TheNewcastleCourantetc_0003.txt	I:\BL_TXTS\1820s\1828\05\1828.05.17_TheNewcastleCourantetc_0003.txt
711	1127	1128	I:\BL_TXTS\1820s\1828\09\1828.09.27_TheNewcastleCourantetc_0003.txt	I:\BL_TXTS\1820s\1828\05\1828.05.24_TheNewcastleCourantetc_0003.txt
809	1279	1254	I:\BL_TXTS\1820s\1828\09\1828.09.27_TheNewcastleCourantetc_0003.txt	I:\BL_TXTS\1820s\1828\05\1828.05.31_TheNewcastleCourantetc_0003.txt
321	517	513	I:\BL_TXTS\1820s\1828\09\1828.09.27_TheNewcastleCourantetc_0004.txt	I:\BL_TXTS\1820s\1828\05\1828.05.03_TheNewcastleCourantetc_0004.txt
211	294	296	I:\BL_TXTS\1820s\1828\09\1828.09.27_TheNewcastleCourantetc_0004.txt	I:\BL_TXTS\1820s\1828\05\1828.05.10_TheNewcastleCourantetc_0001.txt
211	343	343	I:\BL_TXTS\1820s\1828\09\1828.09.27_TheNewcastleCourantetc_0004.txt	I:\BL_TXTS\1820s\1828\05\1828.05.10_TheNewcastleCourantetc_0004.txt
245	337	328	I:\BL_TXTS\1820s\1828\09\1828.09.27_TheNewcastleCourantetc_0004.txt	I:\BL_TXTS\1820s\1828\05\1828.05.17_TheNewcastleCourantetc_0001.txt
237	349	340	I:\BL_TXTS\1820s\1828\09\1828.09.27_TheNewcastleCourantetc_0004.txt	I:\BL_TXTS\1820s\1828\05\1828.05.24_TheNewcastleCourantetc_0003.txt
267	416	414	I:\BL_TXTS\1820s\1828\09\1828.09.27_TheNewcastleCourantetc_0004.txt	I:\BL_TXTS\1820s\1828\05\1828.05.31_TheNewcastleCourantetc_0004.txt
206	305	311	I:\BL_TXTS\1820s\1828\09\1828.09.30_TheBristolMercury_0003.txt	I:\BL_TXTS\1820s\1828\05\1828.05.13_TheBristolMercury_0003.txt
300	452	426	I:\BL_TXTS\1820s\1828\09\1828.09.30_TheBristolMercury_0004.txt	I:\BL_TXTS\1820s\1828\05\1828.05.13_TheBristolMercury_0004.txt
277	453	443	I:\BL_TXTS\1820s\1828\09\1828.09.30_TheBristolMercury_0004.txt	I:\BL_TXTS\1820s\1828\05\1828.05.20_TheBristolMercury_0004.txt
278	425	421	I:\BL_TXTS\1820s\1828\09\1828.09.30_TheBristolMercury_0004.txt	I:\BL_TXTS\1820s\1828\05\1828.05.27_TheBristolMercury_0004.txt
210	321	328	I:\BL_TXTS\1820s\1828\10\1828.10.01_TheDerbyMercury_0003.txt	I:\BL_TXTS\1820s\1828\05\1828.05.28_TheDerbyMercury_0002.txt
288	434	438	I:\BL_TXTS\1820s\1828\10\1828.10.03_LiverpoolMercuryetc_0004.txt	I:\BL_TXTS\1820s\1828\05\1828.05.02_LiverpoolMercuryetc_0004.txt
265	398	400	I:\BL_TXTS\1820s\1828\10\1828.10.03_LiverpoolMercuryetc_0004.txt	I:\BL_TXTS\1820s\1828\05\1828.05.09_LiverpoolMercuryetc_0004.txt
279	419	418	I:\BL_TXTS\1820s\1828\10\1828.10.03_LiverpoolMercuryetc_0004.txt	I:\BL_TXTS\1820s\1828\05\1828.05.16_LiverpoolMercuryetc_0004.txt
367	538	542	I:\BL_TXTS\1820s\1828\10\1828.10.03_LiverpoolMercuryetc_0004.txt	I:\BL_TXTS\1820s\1828\05\1828.05.23_LiverpoolMercuryetc_0004.txt
292	452	455	I:\BL_TXTS\1820s\1828\10\1828.10.03_LiverpoolMercuryetc_0004.txt	I:\BL_TXTS\1820s\1828\05\1828.05.30_LiverpoolMercuryetc_0004.txt
208	344	356	I:\BL_TXTS\1820s\1828\10\1828.10.03_LiverpoolMercuryetc_0007.txt	I:\BL_TXTS\1820s\1828\05\1828.05.02_LiverpoolMercuryetc_0007.txt
490	746	734	I:\BL_TXTS\1820s\1828\10\1828.10.03_LiverpoolMercuryetc_0007.txt	I:\BL_TXTS\1820s\1828\05\1828.05.09_LiverpoolMercuryetc_0007.txt
312	481	482	I:\BL_TXTS\1820s\1828\10\1828.10.03_LiverpoolMercuryetc_0007.txt	I:\BL_TXTS\1820s\1828\05\1828.05.16_LiverpoolMercuryetc_0007.txt
288	480	515	I:\BL_TXTS\1820s\1828\10\1828.10.03_LiverpoolMercuryetc_0007.txt	I:\BL_TXTS\1820s\1828\05\1828.05.23_LiverpoolMercuryetc_0007.txt
237	394	400	I:\BL_TXTS\1820s\1828\10\1828.10.03_LiverpoolMercuryetc_0007.txt	I:\BL_TXTS\1820s\1828\05\1828.05.30_LiverpoolMercuryetc_0007.txt
350	604	616	I:\BL_TXTS\1820s\1828\10\1828.10.03_TheBelfastNews-Letter_0004.txt	I:\BL_TXTS\1820s\1828\05\1828.05.02_TheBelfastNews-Letter_0004.txt
419	671	687	I:\BL_TXTS\1820s\1828\10\1828.10.03_TheBelfastNews-Letter_0004.txt	I:\BL_TXTS\1820s\1828\05\1828.05.09_TheBelfastNews-Letter_0004.txt
357	592	608	I:\BL_TXTS\1820s\1828\10\1828.10.03_TheBelfastNews-Letter_0004.txt	I:\BL_TXTS\1820s\1828\05\1828.05.16_TheBelfastNews-Letter_0004.txt
415	690	672	I:\BL_TXTS\1820s\1828\10\1828.10.03_TheBelfastNews-Letter_0004.txt	I:\BL_TXTS\1820s\1828\05\1828.05.23_TheBelfastNews-Letter_0004.txt
495	782	786	I:\BL_TXTS\1820s\1828\10\1828.10.03_TheBelfastNews-Letter_0004.txt	I:\BL_TXTS\1820s\1828\05\1828.05.30_TheBelfastNews-Letter_0004.txt
235	320	323	I:\BL_TXTS\1820s\1828\10\1828.10.04_TheNewcastleCourantetc_0001.txt	I:\BL_TXTS\1820s\1828\05\1828.05.17_TheNewcastleCourantetc_0001.txt
602	1046	1032	I:\BL_TXTS\1820s\1828\10\1828.10.04_TheNewcastleCourantetc_0002.txt	I:\BL_TXTS\1820s\1828\05\1828.05.03_TheNewcastleCourantetc_0002.txt
510	871	867	I:\BL_TXTS\1820s\1828\10\1828.10.04_TheNewcastleCourantetc_0002.txt	I:\BL_TXTS\1820s\1828\05\1828.05.10_TheNewcastleCourantetc_0003.txt
412	712	711	I:\BL_TXTS\1820s\1828\10\1828.10.04_TheNewcastleCourantetc_0002.txt	I:\BL_TXTS\1820s\1828\05\1828.05.17_TheNewcastleCourantetc_0003.txt
512	846	846	I:\BL_TXTS\1820s\1828\10\1828.10.04_TheNewcastleCourantetc_0002.txt	I:\BL_TXTS\1820s\1828\05\1828.05.24_TheNewcastleCourantetc_0003.txt
715	1213	1211	I:\BL_TXTS\1820s\1828\10\1828.10.04_TheNewcastleCourantetc_0002.txt	I:\BL_TXTS\1820s\1828\05\1828.05.31_TheNewcastleCourantetc_0003.txt
226	321	325	I:\BL_TXTS\1820s\1828\10\1828.10.04_TheNewcastleCourantetc_0003.txt	I:\BL_TXTS\1820s\1828\05\1828.05.17_TheNewcastleCourantetc_0001.txt
392	589	569	I:\BL_TXTS\1820s\1828\10\1828.10.04_TheNewcastleCourantetc_0003.txt	I:\BL_TXTS\1820s\1828\05\1828.05.24_TheNewcastleCourantetc_0003.txt
339	565	564	I:\BL_TXTS\1820s\1828\10\1828.10.04_TheNewcastleCourantetc_0004.txt	I:\BL_TXTS\1820s\1828\05\1828.05.03_TheNewcastleCourantetc_0004.txt
239	401	399	I:\BL_TXTS\1820s\1828\10\1828.10.04_TheNewcastleCourantetc_0004.txt	I:\BL_TXTS\1820s\1828\05\1828.05.10_TheNewcastleCourantetc_0004.txt
242	438	430	I:\BL_TXTS\1820s\1828\10\1828.10.04_TheNewcastleCourantetc_0004.txt	I:\BL_TXTS\1820s\1828\05\1828.05.17_TheNewcastleCourantetc_0004.txt
314	499	499	I:\BL_TXTS\1820s\1828\10\1828.10.04_TheNewcastleCourantetc_0004.txt	I:\BL_TXTS\1820s\1828\05\1828.05.24_TheNewcastleCourantetc_0004.txt
290	470	474	I:\BL_TXTS\1820s\1828\10\1828.10.04_TheNewcastleCourantetc_0004.txt	I:\BL_TXTS\1820s\1828\05\1828.05.31_TheNewcastleCourantetc_0004.txt
337	516	504	I:\BL_TXTS\1820s\1828\10\1828.10.07_TheBristolMercury_0004.txt	I:\BL_TXTS\1820s\1828\05\1828.05.13_TheBristolMercury_0004.txt
297	463	453	I:\BL_TXTS\1820s\1828\10\1828.10.07_TheBristolMercury_0004.txt	I:\BL_TXTS\1820s\1828\05\1828.05.20_TheBristolMercury_0004.txt
364	569	554	I:\BL_TXTS\1820s\1828\10\1828.10.07_TheBristolMercury_0004.txt	I:\BL_TXTS\1820s\1828\05\1828.05.27_TheBristolMercury_0004.txt
263	393	399	I:\BL_TXTS\1820s\1828\10\1828.10.08_TheDerbyMercury_0002.txt	I:\BL_TXTS\1820s\1828\05\1828.05.07_TheDerbyMercury_0002.txt
383	592	597	I:\BL_TXTS\1820s\1828\10\1828.10.08_TheDerbyMercury_0002.txt	I:\BL_TXTS\1820s\1828\05\1828.05.14_TheDerbyMercury_0001.txt
256	372	368	I:\BL_TXTS\1820s\1828\10\1828.10.08_TheDerbyMercury_0002.txt	I:\BL_TXTS\1820s\1828\05\1828.05.21_TheDerbyMercury_0002.txt
212	313	315	I:\BL_TXTS\1820s\1828\10\1828.10.08_TheDerbyMercury_0002.txt	I:\BL_TXTS\1820s\1828\05\1828.05.28_TheDerbyMercury_0001.txt
325	475	484	I:\BL_TXTS\1820s\1828\10\1828.10.08_TheDerbyMercury_0002.txt	I:\BL_TXTS\1820s\1828\05\1828.05.28_TheDerbyMercury_0002.txt
275	407	405	I:\BL_TXTS\1820s\1828\10\1828.10.10_LiverpoolMercuryetc_0004.txt	I:\BL_TXTS\1820s\1828\05\1828.05.02_LiverpoolMercuryetc_0004.txt
244	354	356	I:\BL_TXTS\1820s\1828\10\1828.10.10_LiverpoolMercuryetc_0004.txt	I:\BL_TXTS\1820s\1828\05\1828.05.09_LiverpoolMercuryetc_0004.txt
326	480	483	I:\BL_TXTS\1820s\1828\10\1828.10.10_LiverpoolMercuryetc_0004.txt	I:\BL_TXTS\1820s\1828\05\1828.05.16_LiverpoolMercuryetc_0004.txt
434	642	635	I:\BL_TXTS\1820s\1828\10\1828.10.10_LiverpoolMercuryetc_0004.txt	I:\BL_TXTS\1820s\1828\05\1828.05.23_LiverpoolMercuryetc_0004.txt
335	524	526	I:\BL_TXTS\1820s\1828\10\1828.10.10_LiverpoolMercuryetc_0004.txt	I:\BL_TXTS\1820s\1828\05\1828.05.30_LiverpoolMercuryetc_0004.txt
201	257	264	I:\BL_TXTS\1820s\1828\10\1828.10.10_LiverpoolMercuryetc_0005.txt	I:\BL_TXTS\1820s\1828\05\1828.05.30_LiverpoolMercuryetc_0003.txt
388	608	605	I:\BL_TXTS\1820s\1828\10\1828.10.10_LiverpoolMercuryetc_0007.txt	I:\BL_TXTS\1820s\1828\05\1828.05.09_LiverpoolMercuryetc_0007.txt
249	406	394	I:\BL_TXTS\1820s\1828\10\1828.10.10_LiverpoolMercuryetc_0007.txt	I:\BL_TXTS\1820s\1828\05\1828.05.16_LiverpoolMercuryetc_0007.txt
222	359	377	I:\BL_TXTS\1820s\1828\10\1828.10.10_LiverpoolMercuryetc_0007.txt	I:\BL_TXTS\1820s\1828\05\1828.05.23_LiverpoolMercuryetc_0007.txt
286	462	451	I:\BL_TXTS\1820s\1828\10\1828.10.10_LiverpoolMercuryetc_0007.txt	I:\BL_TXTS\1820s\1828\05\1828.05.30_LiverpoolMercuryetc_0007.txt
476	610	614	I:\BL_TXTS\1820s\1828\10\1828.10.10_TheBelfastNews-Letter_0001.txt	I:\BL_TXTS\1820s\1828\05\1828.05.09_TheBelfastNews-Letter_0001.txt
303	430	416	I:\BL_TXTS\1820s\1828\10\1828.10.10_TheBelfastNews-Letter_0001.txt	I:\BL_TXTS\1820s\1828\05\1828.05.27_TheBelfastNews-Letter_0001.txt
305	506	502	I:\BL_TXTS\1820s\1828\10\1828.10.10_TheBelfastNews-Letter_0004.txt	I:\BL_TXTS\1820s\1828\05\1828.05.02_TheBelfastNews-Letter_0004.txt
412	683	656	I:\BL_TXTS\1820s\1828\10\1828.10.10_TheBelfastNews-Letter_0004.txt	I:\BL_TXTS\1820s\1828\05\1828.05.09_TheBelfastNews-Letter_0004.txt
344	603	592	I:\BL_TXTS\1820s\1828\10\1828.10.10_TheBelfastNews-Letter_0004.txt	I:\BL_TXTS\1820s\1828\05\1828.05.16_TheBelfastNews-Letter_0004.txt
313	526	505	I:\BL_TXTS\1820s\1828\10\1828.10.10_TheBelfastNews-Letter_0004.txt	I:\BL_TXTS\1820s\1828\05\1828.05.23_TheBelfastNews-Letter_0004.txt
395	643	634	I:\BL_TXTS\1820s\1828\10\1828.10.10_TheBelfastNews-Letter_0004.txt	I:\BL_TXTS\1820s\1828\05\1828.05.30_TheBelfastNews-Letter_0004.txt
238	316	331	I:\BL_TXTS\1820s\1828\10\1828.10.11_TheNewcastleCourantetc_0001.txt	I:\BL_TXTS\1820s\1828\05\1828.05.06_TheHullPacketandHumberMercury_0002.txt
240	439	438	I:\BL_TXTS\1820s\1828\10\1828.10.11_TheNewcastleCourantetc_0003.txt	I:\BL_TXTS\1820s\1828\05\1828.05.03_TheNewcastleCourantetc_0002.txt
342	570	559	I:\BL_TXTS\1820s\1828\10\1828.10.11_TheNewcastleCourantetc_0003.txt	I:\BL_TXTS\1820s\1828\05\1828.05.10_TheNewcastleCourantetc_0003.txt
338	599	589	I:\BL_TXTS\1820s\1828\10\1828.10.11_TheNewcastleCourantetc_0003.txt	I:\BL_TXTS\1820s\1828\05\1828.05.17_TheNewcastleCourantetc_0003.txt
211	339	339	I:\BL_TXTS\1820s\1828\10\1828.10.11_TheNewcastleCourantetc_0003.txt	I:\BL_TXTS\1820s\1828\05\1828.05.20_TheBristolMercury_0002.txt
369	605	584	I:\BL_TXTS\1820s\1828\10\1828.10.11_TheNewcastleCourantetc_0003.txt	I:\BL_TXTS\1820s\1828\05\1828.05.24_TheNewcastleCourantetc_0003.txt
267	427	432	I:\BL_TXTS\1820s\1828\10\1828.10.11_TheNewcastleCourantetc_0003.txt	I:\BL_TXTS\1820s\1828\05\1828.05.31_TheNewcastleCourantetc_0003.txt
229	316	310	I:\BL_TXTS\1820s\1828\10\1828.10.11_TheNewcastleCourantetc_0004.txt	I:\BL_TXTS\1820s\1828\05\1828.05.31_TheNewcastleCourantetc_0001.txt
267	401	387	I:\BL_TXTS\1820s\1828\10\1828.10.14_TheBristolMercury_0004.txt	I:\BL_TXTS\1820s\1828\05\1828.05.13_TheBristolMercury_0004.txt
252	401	410	I:\BL_TXTS\1820s\1828\10\1828.10.14_TheBristolMercury_0004.txt	I:\BL_TXTS\1820s\1828\05\1828.05.20_TheBristolMercury_0004.txt
227	368	358	I:\BL_TXTS\1820s\1828\10\1828.10.14_TheBristolMercury_0004.txt	I:\BL_TXTS\1820s\1828\05\1828.05.27_TheBristolMercury_0004.txt
468	741	717	I:\BL_TXTS\1820s\1828\10\1828.10.14_TheHullPacketandHumberMercury_0001.txt	I:\BL_TXTS\1820s\1828\05\1828.05.27_TheHullPacketandHumberMercury_0001.txt
270	419	409	I:\BL_TXTS\1820s\1828\10\1828.10.17_LiverpoolMercuryetc_0004.txt	I:\BL_TXTS\1820s\1828\05\1828.05.02_LiverpoolMercuryetc_0004.txt
240	380	368	I:\BL_TXTS\1820s\1828\10\1828.10.17_LiverpoolMercuryetc_0004.txt	I:\BL_TXTS\1820s\1828\05\1828.05.09_LiverpoolMercuryetc_0004.txt
310	446	437	I:\BL_TXTS\1820s\1828\10\1828.10.17_LiverpoolMercuryetc_0004.txt	I:\BL_TXTS\1820s\1828\05\1828.05.16_LiverpoolMercuryetc_0004.txt
365	563	551	I:\BL_TXTS\1820s\1828\10\1828.10.17_LiverpoolMercuryetc_0004.txt	I:\BL_TXTS\1820s\1828\05\1828.05.23_LiverpoolMercuryetc_0004.txt
318	502	488	I:\BL_TXTS\1820s\1828\10\1828.10.17_LiverpoolMercuryetc_0004.txt	I:\BL_TXTS\1820s\1828\05\1828.05.30_LiverpoolMercuryetc_0004.txt
266	431	432	I:\BL_TXTS\1820s\1828\10\1828.10.17_LiverpoolMercuryetc_0007.txt	I:\BL_TXTS\1820s\1828\05\1828.05.02_LiverpoolMercuryetc_0007.txt
222	349	340	I:\BL_TXTS\1820s\1828\10\1828.10.17_LiverpoolMercuryetc_0007.txt	I:\BL_TXTS\1820s\1828\05\1828.05.09_LiverpoolMercuryetc_0007.txt
364	534	514	I:\BL_TXTS\1820s\1828\10\1828.10.17_LiverpoolMercuryetc_0007.txt	I:\BL_TXTS\1820s\1828\05\1828.05.16_LiverpoolMercuryetc_0007.txt
296	494	483	I:\BL_TXTS\1820s\1828\10\1828.10.17_LiverpoolMercuryetc_0007.txt	I:\BL_TXTS\1820s\1828\05\1828.05.30_LiverpoolMercuryetc_0007.txt
347	590	575	I:\BL_TXTS\1820s\1828\10\1828.10.17_TheBelfastNews-Letter_0004.txt	I:\BL_TXTS\1820s\1828\05\1828.05.02_TheBelfastNews-Letter_0004.txt
346	600	593	I:\BL_TXTS\1820s\1828\10\1828.10.17_TheBelfastNews-Letter_0004.txt	I:\BL_TXTS\1820s\1828\05\1828.05.09_TheBelfastNews-Letter_0004.txt
336	598	597	I:\BL_TXTS\1820s\1828\10\1828.10.17_TheBelfastNews-Letter_0004.txt	I:\BL_TXTS\1820s\1828\05\1828.05.16_TheBelfastNews-Letter_0004.txt
364	634	607	I:\BL_TXTS\1820s\1828\10\1828.10.17_TheBelfastNews-Letter_0004.txt	I:\BL_TXTS\1820s\1828\05\1828.05.23_TheBelfastNews-Letter_0004.txt
445	736	727	I:\BL_TXTS\1820s\1828\10\1828.10.17_TheBelfastNews-Letter_0004.txt	I:\BL_TXTS\1820s\1828\05\1828.05.30_TheBelfastNews-Letter_0004.txt
201	281	285	I:\BL_TXTS\1820s\1828\10\1828.10.18_TheIpswichJournal_0001.txt	I:\BL_TXTS\1820s\1828\05\1828.05.28_TheDerbyMercury_0004.txt
434	746	726	I:\BL_TXTS\1820s\1828\10\1828.10.18_TheNewcastleCourantetc_0002.txt	I:\BL_TXTS\1820s\1828\05\1828.05.03_TheNewcastleCourantetc_0002.txt
248	428	418	I:\BL_TXTS\1820s\1828\10\1828.10.18_TheNewcastleCourantetc_0002.txt	I:\BL_TXTS\1820s\1828\05\1828.05.10_TheNewcastleCourantetc_0003.txt
233	402	404	I:\BL_TXTS\1820s\1828\10\1828.10.18_TheNewcastleCourantetc_0002.txt	I:\BL_TXTS\1820s\1828\05\1828.05.17_TheNewcastleCourantetc_0003.txt
358	611	609	I:\BL_TXTS\1820s\1828\10\1828.10.18_TheNewcastleCourantetc_0002.txt	I:\BL_TXTS\1820s\1828\05\1828.05.24_TheNewcastleCourantetc_0003.txt
413	739	735	I:\BL_TXTS\1820s\1828\10\1828.10.18_TheNewcastleCourantetc_0002.txt	I:\BL_TXTS\1820s\1828\05\1828.05.31_TheNewcastleCourantetc_0003.txt
215	350	355	I:\BL_TXTS\1820s\1828\10\1828.10.18_TheNewcastleCourantetc_0004.txt	I:\BL_TXTS\1820s\1828\05\1828.05.24_TheNewcastleCourantetc_0004.txt
209	345	346	I:\BL_TXTS\1820s\1828\10\1828.10.18_TheNewcastleCourantetc_0004.txt	I:\BL_TXTS\1820s\1828\05\1828.05.31_TheNewcastleCourantetc_0004.txt
670	1047	1089	I:\BL_TXTS\1820s\1828\10\1828.10.20_CaledonianMercury_0001.txt	I:\BL_TXTS\1820s\1828\05\1828.05.01_CaledonianMercury_0001.txt
358	471	467	I:\BL_TXTS\1820s\1828\10\1828.10.21_TheBelfastNews-Letter_0003.txt	I:\BL_TXTS\1820s\1828\05\1828.05.27_TheBelfastNews-Letter_0001.txt
275	437	434	I:\BL_TXTS\1820s\1828\10\1828.10.21_TheBristolMercury_0003.txt	I:\BL_TXTS\1820s\1828\05\1828.05.13_TheBristolMercury_0003.txt
315	465	454	I:\BL_TXTS\1820s\1828\10\1828.10.21_TheBristolMercury_0004.txt	I:\BL_TXTS\1820s\1828\05\1828.05.13_TheBristolMercury_0004.txt
298	446	451	I:\BL_TXTS\1820s\1828\10\1828.10.21_TheBristolMercury_0004.txt	I:\BL_TXTS\1820s\1828\05\1828.05.20_TheBristolMercury_0004.txt
331	523	519	I:\BL_TXTS\1820s\1828\10\1828.10.21_TheBristolMercury_0004.txt	I:\BL_TXTS\1820s\1828\05\1828.05.27_TheBristolMercury_0004.txt
242	336	347	I:\BL_TXTS\1820s\1828\10\1828.10.22_TheDerbyMercury_0001.txt	I:\BL_TXTS\1820s\1828\05\1828.05.07_TheDerbyMercury_0003.txt
401	568	571	I:\BL_TXTS\1820s\1828\10\1828.10.22_TheDerbyMercury_0001.txt	I:\BL_TXTS\1820s\1828\05\1828.05.14_TheDerbyMercury_0001.txt
201	334	323	I:\BL_TXTS\1820s\1828\10\1828.10.22_TheDerbyMercury_0001.txt	I:\BL_TXTS\1820s\1828\05\1828.05.16_LiverpoolMercuryetc_0005.txt
212	334	347	I:\BL_TXTS\1820s\1828\10\1828.10.22_TheDerbyMercury_0001.txt	I:\BL_TXTS\1820s\1828\05\1828.05.28_TheDerbyMercury_0002.txt
522	758	756	I:\BL_TXTS\1820s\1828\10\1828.10.22_TheDerbyMercury_0004.txt	I:\BL_TXTS\1820s\1828\05\1828.05.15_TheMorningChronicle_0003.txt
266	397	400	I:\BL_TXTS\1820s\1828\10\1828.10.24_LiverpoolMercuryetc_0004.txt	I:\BL_TXTS\1820s\1828\05\1828.05.02_LiverpoolMercuryetc_0004.txt
246	345	351	I:\BL_TXTS\1820s\1828\10\1828.10.24_LiverpoolMercuryetc_0004.txt	I:\BL_TXTS\1820s\1828\05\1828.05.09_LiverpoolMercuryetc_0004.txt
324	495	498	I:\BL_TXTS\1820s\1828\10\1828.10.24_LiverpoolMercuryetc_0004.txt	I:\BL_TXTS\1820s\1828\05\1828.05.16_LiverpoolMercuryetc_0004.txt
412	593	608	I:\BL_TXTS\1820s\1828\10\1828.10.24_LiverpoolMercuryetc_0004.txt	I:\BL_TXTS\1820s\1828\05\1828.05.23_LiverpoolMercuryetc_0004.txt
267	404	401	I:\BL_TXTS\1820s\1828\10\1828.10.24_LiverpoolMercuryetc_0004.txt	I:\BL_TXTS\1820s\1828\05\1828.05.30_LiverpoolMercuryetc_0004.txt
377	589	573	I:\BL_TXTS\1820s\1828\10\1828.10.24_LiverpoolMercuryetc_0007.txt	I:\BL_TXTS\1820s\1828\05\1828.05.09_LiverpoolMercuryetc_0007.txt
287	415	401	I:\BL_TXTS\1820s\1828\10\1828.10.24_LiverpoolMercuryetc_0007.txt	I:\BL_TXTS\1820s\1828\05\1828.05.16_LiverpoolMercuryetc_0007.txt
209	344	358	I:\BL_TXTS\1820s\1828\10\1828.10.24_LiverpoolMercuryetc_0007.txt	I:\BL_TXTS\1820s\1828\05\1828.05.23_LiverpoolMercuryetc_0007.txt
307	531	536	I:\BL_TXTS\1820s\1828\10\1828.10.24_TheBelfastNews-Letter_0004.txt	I:\BL_TXTS\1820s\1828\05\1828.05.02_TheBelfastNews-Letter_0004.txt
322	555	549	I:\BL_TXTS\1820s\1828\10\1828.10.24_TheBelfastNews-Letter_0004.txt	I:\BL_TXTS\1820s\1828\05\1828.05.09_TheBelfastNews-Letter_0004.txt
285	493	497	I:\BL_TXTS\1820s\1828\10\1828.10.24_TheBelfastNews-Letter_0004.txt	I:\BL_TXTS\1820s\1828\05\1828.05.16_TheBelfastNews-Letter_0004.txt
277	467	458	I:\BL_TXTS\1820s\1828\10\1828.10.24_TheBelfastNews-Letter_0004.txt	I:\BL_TXTS\1820s\1828\05\1828.05.23_TheBelfastNews-Letter_0004.txt
369	602	621	I:\BL_TXTS\1820s\1828\10\1828.10.24_TheBelfastNews-Letter_0004.txt	I:\BL_TXTS\1820s\1828\05\1828.05.30_TheBelfastNews-Letter_0004.txt
381	624	616	I:\BL_TXTS\1820s\1828\10\1828.10.24_TheManchesterTimes_0008.txt	I:\BL_TXTS\1820s\1828\05\1828.05.09_LiverpoolMercuryetc_0007.txt
200	321	346	I:\BL_TXTS\1820s\1828\10\1828.10.24_TheManchesterTimes_0008.txt	I:\BL_TXTS\1820s\1828\05\1828.05.23_LiverpoolMercuryetc_0007.txt
237	400	396	I:\BL_TXTS\1820s\1828\10\1828.10.25_TheIpswichJournal_0004.txt	I:\BL_TXTS\1820s\1828\05\1828.05.24_TheIpswichJournal_0004.txt
238	354	352	I:\BL_TXTS\1820s\1828\10\1828.10.25_TheNewcastleCourantetc_0001.txt	I:\BL_TXTS\1820s\1828\05\1828.05.03_TheNewcastleCourantetc_0001.txt
595	1011	1005	I:\BL_TXTS\1820s\1828\10\1828.10.25_TheNewcastleCourantetc_0003.txt	I:\BL_TXTS\1820s\1828\05\1828.05.03_TheNewcastleCourantetc_0002.txt
487	824	823	I:\BL_TXTS\1820s\1828\10\1828.10.25_TheNewcastleCourantetc_0003.txt	I:\BL_TXTS\1820s\1828\05\1828.05.10_TheNewcastleCourantetc_0003.txt
434	752	750	I:\BL_TXTS\1820s\1828\10\1828.10.25_TheNewcastleCourantetc_0003.txt	I:\BL_TXTS\1820s\1828\05\1828.05.17_TheNewcastleCourantetc_0003.txt
496	839	833	I:\BL_TXTS\1820s\1828\10\1828.10.25_TheNewcastleCourantetc_0003.txt	I:\BL_TXTS\1820s\1828\05\1828.05.24_TheNewcastleCourantetc_0003.txt
683	1134	1139	I:\BL_TXTS\1820s\1828\10\1828.10.25_TheNewcastleCourantetc_0003.txt	I:\BL_TXTS\1820s\1828\05\1828.05.31_TheNewcastleCourantetc_0003.txt
319	553	551	I:\BL_TXTS\1820s\1828\10\1828.10.25_TheNewcastleCourantetc_0004.txt	I:\BL_TXTS\1820s\1828\05\1828.05.03_TheNewcastleCourantetc_0004.txt
263	427	419	I:\BL_TXTS\1820s\1828\10\1828.10.25_TheNewcastleCourantetc_0004.txt	I:\BL_TXTS\1820s\1828\05\1828.05.10_TheNewcastleCourantetc_0004.txt
255	445	432	I:\BL_TXTS\1820s\1828\10\1828.10.25_TheNewcastleCourantetc_0004.txt	I:\BL_TXTS\1820s\1828\05\1828.05.17_TheNewcastleCourantetc_0004.txt
302	524	527	I:\BL_TXTS\1820s\1828\10\1828.10.25_TheNewcastleCourantetc_0004.txt	I:\BL_TXTS\1820s\1828\05\1828.05.24_TheNewcastleCourantetc_0004.txt
302	471	450	I:\BL_TXTS\1820s\1828\10\1828.10.28_TheBristolMercury_0004.txt	I:\BL_TXTS\1820s\1828\05\1828.05.13_TheBristolMercury_0004.txt
246	412	403	I:\BL_TXTS\1820s\1828\10\1828.10.28_TheBristolMercury_0004.txt	I:\BL_TXTS\1820s\1828\05\1828.05.20_TheBristolMercury_0004.txt
262	410	390	I:\BL_TXTS\1820s\1828\10\1828.10.28_TheBristolMercury_0004.txt	I:\BL_TXTS\1820s\1828\05\1828.05.27_TheBristolMercury_0004.txt
257	396	397	I:\BL_TXTS\1820s\1828\10\1828.10.29_TheDerbyMercury_0001.txt	I:\BL_TXTS\1820s\1828\05\1828.05.14_TheDerbyMercury_0001.txt
224	350	357	I:\BL_TXTS\1820s\1828\10\1828.10.29_TheDerbyMercury_0001.txt	I:\BL_TXTS\1820s\1828\05\1828.05.16_LiverpoolMercuryetc_0005.txt
232	348	359	I:\BL_TXTS\1820s\1828\10\1828.10.29_TheDerbyMercury_0001.txt	I:\BL_TXTS\1820s\1828\05\1828.05.28_TheDerbyMercury_0002.txt
368	576	598	I:\BL_TXTS\1820s\1828\10\1828.10.29_TheDerbyMercury_0004.txt	I:\BL_TXTS\1820s\1828\05\1828.05.14_TheDerbyMercury_0004.txt
200	257	266	I:\BL_TXTS\1820s\1828\10\1828.10.31_LiverpoolMercuryetc_0001.txt	I:\BL_TXTS\1820s\1828\05\1828.05.30_LiverpoolMercuryetc_0003.txt
300	453	461	I:\BL_TXTS\1820s\1828\10\1828.10.31_LiverpoolMercuryetc_0004.txt	I:\BL_TXTS\1820s\1828\05\1828.05.02_LiverpoolMercuryetc_0004.txt
263	401	405	I:\BL_TXTS\1820s\1828\10\1828.10.31_LiverpoolMercuryetc_0004.txt	I:\BL_TXTS\1820s\1828\05\1828.05.09_LiverpoolMercuryetc_0004.txt
329	499	508	I:\BL_TXTS\1820s\1828\10\1828.10.31_LiverpoolMercuryetc_0004.txt	I:\BL_TXTS\1820s\1828\05\1828.05.16_LiverpoolMercuryetc_0004.txt
420	606	615	I:\BL_TXTS\1820s\1828\10\1828.10.31_LiverpoolMercuryetc_0004.txt	I:\BL_TXTS\1820s\1828\05\1828.05.23_LiverpoolMercuryetc_0004.txt
353	520	524	I:\BL_TXTS\1820s\1828\10\1828.10.31_LiverpoolMercuryetc_0004.txt	I:\BL_TXTS\1820s\1828\05\1828.05.30_LiverpoolMercuryetc_0004.txt
276	439	447	I:\BL_TXTS\1820s\1828\10\1828.10.31_LiverpoolMercuryetc_0007.txt	I:\BL_TXTS\1820s\1828\05\1828.05.02_LiverpoolMercuryetc_0007.txt
544	839	824	I:\BL_TXTS\1820s\1828\10\1828.10.31_LiverpoolMercuryetc_0007.txt	I:\BL_TXTS\1820s\1828\05\1828.05.09_LiverpoolMercuryetc_0007.txt
302	442	438	I:\BL_TXTS\1820s\1828\10\1828.10.31_LiverpoolMercuryetc_0007.txt	I:\BL_TXTS\1820s\1828\05\1828.05.16_LiverpoolMercuryetc_0007.txt
277	450	479	I:\BL_TXTS\1820s\1828\10\1828.10.31_LiverpoolMercuryetc_0007.txt	I:\BL_TXTS\1820s\1828\05\1828.05.23_LiverpoolMercuryetc_0007.txt
352	543	556	I:\BL_TXTS\1820s\1828\10\1828.10.31_LiverpoolMercuryetc_0007.txt	I:\BL_TXTS\1820s\1828\05\1828.05.30_LiverpoolMercuryetc_0007.txt
248	415	403	I:\BL_TXTS\1820s\1828\10\1828.10.31_TheBelfastNews-Letter_0001.txt	I:\BL_TXTS\1820s\1828\05\1828.05.30_TheBelfastNews-Letter_0004.txt
221	369	369	I:\BL_TXTS\1820s\1828\10\1828.10.31_TheBelfastNews-Letter_0004.txt	I:\BL_TXTS\1820s\1828\05\1828.05.02_TheBelfastNews-Letter_0004.txt
317	518	520	I:\BL_TXTS\1820s\1828\10\1828.10.31_TheBelfastNews-Letter_0004.txt	I:\BL_TXTS\1820s\1828\05\1828.05.09_TheBelfastNews-Letter_0004.txt
220	365	375	I:\BL_TXTS\1820s\1828\10\1828.10.31_TheBelfastNews-Letter_0004.txt	I:\BL_TXTS\1820s\1828\05\1828.05.16_TheBelfastNews-Letter_0004.txt
293	469	443	I:\BL_TXTS\1820s\1828\10\1828.10.31_TheBelfastNews-Letter_0004.txt	I:\BL_TXTS\1820s\1828\05\1828.05.23_TheBelfastNews-Letter_0004.txt
246	419	418	I:\BL_TXTS\1820s\1828\10\1828.10.31_TheManchesterTimes_0008.txt	I:\BL_TXTS\1820s\1828\05\1828.05.09_LiverpoolMercuryetc_0007.txt
212	369	363	I:\BL_TXTS\1820s\1828\11\1828.11.01_TheIpswichJournal_0004.txt	I:\BL_TXTS\1820s\1828\05\1828.05.03_TheIpswichJournal_0004.txt
268	435	438	I:\BL_TXTS\1820s\1828\11\1828.11.01_TheIpswichJournal_0004.txt	I:\BL_TXTS\1820s\1828\05\1828.05.17_TheIpswichJournal_0004.txt
270	453	442	I:\BL_TXTS\1820s\1828\11\1828.11.01_TheIpswichJournal_0004.txt	I:\BL_TXTS\1820s\1828\05\1828.05.24_TheIpswichJournal_0004.txt
378	642	635	I:\BL_TXTS\1820s\1828\11\1828.11.01_TheNewcastleCourantetc_0003.txt	I:\BL_TXTS\1820s\1828\05\1828.05.03_TheNewcastleCourantetc_0002.txt
413	697	690	I:\BL_TXTS\1820s\1828\11\1828.11.01_TheNewcastleCourantetc_0003.txt	I:\BL_TXTS\1820s\1828\05\1828.05.10_TheNewcastleCourantetc_0003.txt
315	509	504	I:\BL_TXTS\1820s\1828\11\1828.11.01_TheNewcastleCourantetc_0003.txt	I:\BL_TXTS\1820s\1828\05\1828.05.17_TheNewcastleCourantetc_0003.txt
382	598	593	I:\BL_TXTS\1820s\1828\11\1828.11.01_TheNewcastleCourantetc_0003.txt	I:\BL_TXTS\1820s\1828\05\1828.05.24_TheNewcastleCourantetc_0003.txt
469	777	762	I:\BL_TXTS\1820s\1828\11\1828.11.01_TheNewcastleCourantetc_0003.txt	I:\BL_TXTS\1820s\1828\05\1828.05.31_TheNewcastleCourantetc_0003.txt
284	486	475	I:\BL_TXTS\1820s\1828\11\1828.11.01_TheNewcastleCourantetc_0004.txt	I:\BL_TXTS\1820s\1828\05\1828.05.03_TheNewcastleCourantetc_0004.txt
250	432	430	I:\BL_TXTS\1820s\1828\11\1828.11.01_TheNewcastleCourantetc_0004.txt	I:\BL_TXTS\1820s\1828\05\1828.05.10_TheNewcastleCourantetc_0004.txt
244	419	425	I:\BL_TXTS\1820s\1828\11\1828.11.01_TheNewcastleCourantetc_0004.txt	I:\BL_TXTS\1820s\1828\05\1828.05.17_TheNewcastleCourantetc_0004.txt
246	418	410	I:\BL_TXTS\1820s\1828\11\1828.11.01_TheNewcastleCourantetc_0004.txt	I:\BL_TXTS\1820s\1828\05\1828.05.24_TheNewcastleCourantetc_0004.txt
220	382	380	I:\BL_TXTS\1820s\1828\11\1828.11.01_TheNewcastleCourantetc_0004.txt	I:\BL_TXTS\1820s\1828\05\1828.05.31_TheNewcastleCourantetc_0004.txt
201	352	350	I:\BL_TXTS\1820s\1828\11\1828.11.03_CaledonianMercury_0001.txt	I:\BL_TXTS\1820s\1828\05\1828.05.01_CaledonianMercury_0001.txt
281	424	397	I:\BL_TXTS\1820s\1828\11\1828.11.04_TheBelfastNews-Letter_0001.txt	I:\BL_TXTS\1820s\1828\05\1828.05.27_TheBelfastNews-Letter_0001.txt
384	509	493	I:\BL_TXTS\1820s\1828\11\1828.11.05_TheDerbyMercury_0001.txt	I:\BL_TXTS\1820s\1828\05\1828.05.24_TheNewcastleCourantetc_0003.txt
382	560	569	I:\BL_TXTS\1820s\1828\11\1828.11.07_LiverpoolMercuryetc_0004.txt	I:\BL_TXTS\1820s\1828\05\1828.05.02_LiverpoolMercuryetc_0004.txt
258	394	393	I:\BL_TXTS\1820s\1828\11\1828.11.07_LiverpoolMercuryetc_0004.txt	I:\BL_TXTS\1820s\1828\05\1828.05.09_LiverpoolMercuryetc_0004.txt
399	590	589	I:\BL_TXTS\1820s\1828\11\1828.11.07_LiverpoolMercuryetc_0004.txt	I:\BL_TXTS\1820s\1828\05\1828.05.16_LiverpoolMercuryetc_0004.txt
429	622	630	I:\BL_TXTS\1820s\1828\11\1828.11.07_LiverpoolMercuryetc_0004.txt	I:\BL_TXTS\1820s\1828\05\1828.05.23_LiverpoolMercuryetc_0004.txt
343	543	537	I:\BL_TXTS\1820s\1828\11\1828.11.07_LiverpoolMercuryetc_0004.txt	I:\BL_TXTS\1820s\1828\05\1828.05.30_LiverpoolMercuryetc_0004.txt
426	680	676	I:\BL_TXTS\1820s\1828\11\1828.11.07_LiverpoolMercuryetc_0007.txt	I:\BL_TXTS\1820s\1828\05\1828.05.09_LiverpoolMercuryetc_0007.txt
271	432	446	I:\BL_TXTS\1820s\1828\11\1828.11.07_LiverpoolMercuryetc_0007.txt	I:\BL_TXTS\1820s\1828\05\1828.05.16_LiverpoolMercuryetc_0007.txt
203	329	342	I:\BL_TXTS\1820s\1828\11\1828.11.07_LiverpoolMercuryetc_0007.txt	I:\BL_TXTS\1820s\1828\05\1828.05.23_LiverpoolMercuryetc_0007.txt
235	396	394	I:\BL_TXTS\1820s\1828\11\1828.11.07_LiverpoolMercuryetc_0007.txt	I:\BL_TXTS\1820s\1828\05\1828.05.30_LiverpoolMercuryetc_0007.txt
338	574	584	I:\BL_TXTS\1820s\1828\11\1828.11.07_TheBelfastNews-Letter_0004.txt	I:\BL_TXTS\1820s\1828\05\1828.05.02_TheBelfastNews-Letter_0004.txt
376	630	625	I:\BL_TXTS\1820s\1828\11\1828.11.07_TheBelfastNews-Letter_0004.txt	I:\BL_TXTS\1820s\1828\05\1828.05.09_TheBelfastNews-Letter_0004.txt
286	490	494	I:\BL_TXTS\1820s\1828\11\1828.11.07_TheBelfastNews-Letter_0004.txt	I:\BL_TXTS\1820s\1828\05\1828.05.16_TheBelfastNews-Letter_0004.txt
384	663	643	I:\BL_TXTS\1820s\1828\11\1828.11.07_TheBelfastNews-Letter_0004.txt	I:\BL_TXTS\1820s\1828\05\1828.05.23_TheBelfastNews-Letter_0004.txt
402	651	648	I:\BL_TXTS\1820s\1828\11\1828.11.07_TheBelfastNews-Letter_0004.txt	I:\BL_TXTS\1820s\1828\05\1828.05.30_TheBelfastNews-Letter_0004.txt
325	547	523	I:\BL_TXTS\1820s\1828\11\1828.11.07_TheManchesterTimes_0008.txt	I:\BL_TXTS\1820s\1828\05\1828.05.09_LiverpoolMercuryetc_0007.txt
214	329	327	I:\BL_TXTS\1820s\1828\11\1828.11.08_TheIpswichJournal_0001.txt	I:\BL_TXTS\1820s\1828\05\1828.05.17_TheIpswichJournal_0001.txt
223	285	280	I:\BL_TXTS\1820s\1828\11\1828.11.08_TheIpswichJournal_0001.txt	I:\BL_TXTS\1820s\1828\05\1828.05.19_HampshireTelegraphandSussexChronicleetc_0001.txt
217	360	365	I:\BL_TXTS\1820s\1828\11\1828.11.08_TheIpswichJournal_0004.txt	I:\BL_TXTS\1820s\1828\05\1828.05.03_TheIpswichJournal_0004.txt
252	389	391	I:\BL_TXTS\1820s\1828\11\1828.11.08_TheIpswichJournal_0004.txt	I:\BL_TXTS\1820s\1828\05\1828.05.17_TheIpswichJournal_0004.txt
299	480	480	I:\BL_TXTS\1820s\1828\11\1828.11.08_TheIpswichJournal_0004.txt	I:\BL_TXTS\1820s\1828\05\1828.05.24_TheIpswichJournal_0004.txt
205	271	276	I:\BL_TXTS\1820s\1828\11\1828.11.08_TheNewcastleCourantetc_0001.txt	I:\BL_TXTS\1820s\1828\05\1828.05.07_TheDerbyMercury_0001.txt
350	489	488	I:\BL_TXTS\1820s\1828\11\1828.11.08_TheNewcastleCourantetc_0001.txt	I:\BL_TXTS\1820s\1828\05\1828.05.31_TheNewcastleCourantetc_0001.txt
385	649	642	I:\BL_TXTS\1820s\1828\11\1828.11.08_TheNewcastleCourantetc_0003.txt	I:\BL_TXTS\1820s\1828\05\1828.05.03_TheNewcastleCourantetc_0002.txt
277	500	484	I:\BL_TXTS\1820s\1828\11\1828.11.08_TheNewcastleCourantetc_0003.txt	I:\BL_TXTS\1820s\1828\05\1828.05.10_TheNewcastleCourantetc_0003.txt
327	522	522	I:\BL_TXTS\1820s\1828\11\1828.11.08_TheNewcastleCourantetc_0003.txt	I:\BL_TXTS\1820s\1828\05\1828.05.24_TheNewcastleCourantetc_0003.txt
204	295	288	I:\BL_TXTS\1820s\1828\11\1828.11.08_TheNewcastleCourantetc_0003.txt	I:\BL_TXTS\1820s\1828\05\1828.05.31_TheNewcastleCourantetc_0001.txt
328	560	556	I:\BL_TXTS\1820s\1828\11\1828.11.08_TheNewcastleCourantetc_0003.txt	I:\BL_TXTS\1820s\1828\05\1828.05.31_TheNewcastleCourantetc_0003.txt
353	561	569	I:\BL_TXTS\1820s\1828\11\1828.11.08_TheNewcastleCourantetc_0004.txt	I:\BL_TXTS\1820s\1828\05\1828.05.03_TheNewcastleCourantetc_0004.txt
380	618	622	I:\BL_TXTS\1820s\1828\11\1828.11.08_TheNewcastleCourantetc_0004.txt	I:\BL_TXTS\1820s\1828\05\1828.05.10_TheNewcastleCourantetc_0004.txt
266	471	480	I:\BL_TXTS\1820s\1828\11\1828.11.08_TheNewcastleCourantetc_0004.txt	I:\BL_TXTS\1820s\1828\05\1828.05.17_TheNewcastleCourantetc_0004.txt
312	503	514	I:\BL_TXTS\1820s\1828\11\1828.11.08_TheNewcastleCourantetc_0004.txt	I:\BL_TXTS\1820s\1828\05\1828.05.24_TheNewcastleCourantetc_0004.txt
294	454	469	I:\BL_TXTS\1820s\1828\11\1828.11.08_TheNewcastleCourantetc_0004.txt	I:\BL_TXTS\1820s\1828\05\1828.05.31_TheNewcastleCourantetc_0004.txt
203	316	316	I:\BL_TXTS\1820s\1828\11\1828.11.11_TheBristolMercury_0003.txt	I:\BL_TXTS\1820s\1828\05\1828.05.06_TheBristolMercury_0003.txt
261	390	389	I:\BL_TXTS\1820s\1828\11\1828.11.11_TheBristolMercury_0003.txt	I:\BL_TXTS\1820s\1828\05\1828.05.13_TheBristolMercury_0003.txt
202	326	308	I:\BL_TXTS\1820s\1828\11\1828.11.12_TheDerbyMercury_0002.txt	I:\BL_TXTS\1820s\1828\05\1828.05.14_TheDerbyMercury_0001.txt
217	312	307	I:\BL_TXTS\1820s\1828\11\1828.11.12_TheMorningChronicle_0001.txt	I:\BL_TXTS\1820s\1828\05\1828.05.26_TheMorningChronicle_0001.txt
202	270	270	I:\BL_TXTS\1820s\1828\11\1828.11.12_TheMorningChronicle_0001.txt	I:\BL_TXTS\1820s\1828\05\1828.05.28_TheMorningChronicle_0001.txt
324	482	464	I:\BL_TXTS\1820s\1828\11\1828.11.13_TheMorningChronicle_0001.txt	I:\BL_TXTS\1820s\1828\05\1828.05.20_TheBelfastNews-Letter_0001.txt
253	381	385	I:\BL_TXTS\1820s\1828\11\1828.11.14_LiverpoolMercuryetc_0004.txt	I:\BL_TXTS\1820s\1828\05\1828.05.02_LiverpoolMercuryetc_0004.txt
235	348	346	I:\BL_TXTS\1820s\1828\11\1828.11.14_LiverpoolMercuryetc_0004.txt	I:\BL_TXTS\1820s\1828\05\1828.05.09_LiverpoolMercuryetc_0004.txt
324	475	474	I:\BL_TXTS\1820s\1828\11\1828.11.14_LiverpoolMercuryetc_0004.txt	I:\BL_TXTS\1820s\1828\05\1828.05.16_LiverpoolMercuryetc_0004.txt
334	499	501	I:\BL_TXTS\1820s\1828\11\1828.11.14_LiverpoolMercuryetc_0004.txt	I:\BL_TXTS\1820s\1828\05\1828.05.23_LiverpoolMercuryetc_0004.txt
307	469	466	I:\BL_TXTS\1820s\1828\11\1828.11.14_LiverpoolMercuryetc_0004.txt	I:\BL_TXTS\1820s\1828\05\1828.05.30_LiverpoolMercuryetc_0004.txt
305	498	501	I:\BL_TXTS\1820s\1828\11\1828.11.14_LiverpoolMercuryetc_0007.txt	I:\BL_TXTS\1820s\1828\05\1828.05.09_LiverpoolMercuryetc_0007.txt
211	348	342	I:\BL_TXTS\1820s\1828\11\1828.11.14_LiverpoolMercuryetc_0007.txt	I:\BL_TXTS\1820s\1828\05\1828.05.16_LiverpoolMercuryetc_0007.txt
401	692	704	I:\BL_TXTS\1820s\1828\11\1828.11.14_TheBelfastNews-Letter_0004.txt	I:\BL_TXTS\1820s\1828\05\1828.05.02_TheBelfastNews-Letter_0004.txt
469	771	763	I:\BL_TXTS\1820s\1828\11\1828.11.14_TheBelfastNews-Letter_0004.txt	I:\BL_TXTS\1820s\1828\05\1828.05.09_TheBelfastNews-Letter_0004.txt
392	644	652	I:\BL_TXTS\1820s\1828\11\1828.11.14_TheBelfastNews-Letter_0004.txt	I:\BL_TXTS\1820s\1828\05\1828.05.16_TheBelfastNews-Letter_0004.txt
412	652	645	I:\BL_TXTS\1820s\1828\11\1828.11.14_TheBelfastNews-Letter_0004.txt	I:\BL_TXTS\1820s\1828\05\1828.05.23_TheBelfastNews-Letter_0004.txt
417	652	651	I:\BL_TXTS\1820s\1828\11\1828.11.14_TheBelfastNews-Letter_0004.txt	I:\BL_TXTS\1820s\1828\05\1828.05.30_TheBelfastNews-Letter_0004.txt
211	351	337	I:\BL_TXTS\1820s\1828\11\1828.11.14_TheManchesterTimes_0008.txt	I:\BL_TXTS\1820s\1828\05\1828.05.09_LiverpoolMercuryetc_0007.txt
215	302	308	I:\BL_TXTS\1820s\1828\11\1828.11.15_TheNewcastleCourantetc_0001.txt	I:\BL_TXTS\1820s\1828\05\1828.05.17_TheNewcastleCourantetc_0001.txt
351	598	596	I:\BL_TXTS\1820s\1828\11\1828.11.15_TheNewcastleCourantetc_0003.txt	I:\BL_TXTS\1820s\1828\05\1828.05.03_TheNewcastleCourantetc_0002.txt
210	387	391	I:\BL_TXTS\1820s\1828\11\1828.11.15_TheNewcastleCourantetc_0003.txt	I:\BL_TXTS\1820s\1828\05\1828.05.10_TheNewcastleCourantetc_0003.txt
465	747	734	I:\BL_TXTS\1820s\1828\11\1828.11.15_TheNewcastleCourantetc_0003.txt	I:\BL_TXTS\1820s\1828\05\1828.05.24_TheNewcastleCourantetc_0003.txt
350	601	600	I:\BL_TXTS\1820s\1828\11\1828.11.15_TheNewcastleCourantetc_0003.txt	I:\BL_TXTS\1820s\1828\05\1828.05.31_TheNewcastleCourantetc_0003.txt
204	349	352	I:\BL_TXTS\1820s\1828\11\1828.11.15_TheNewcastleCourantetc_0004.txt	I:\BL_TXTS\1820s\1828\05\1828.05.24_TheNewcastleCourantetc_0004.txt
322	513	501	I:\BL_TXTS\1820s\1828\11\1828.11.18_TheBelfastNews-Letter_0001.txt	I:\BL_TXTS\1820s\1828\05\1828.05.09_TheBelfastNews-Letter_0001.txt
226	354	343	I:\BL_TXTS\1820s\1828\11\1828.11.18_TheBelfastNews-Letter_0001.txt	I:\BL_TXTS\1820s\1828\05\1828.05.27_TheBelfastNews-Letter_0001.txt
200	326	337	I:\BL_TXTS\1820s\1828\11\1828.11.18_TheBelfastNews-Letter_0002.txt	I:\BL_TXTS\1820s\1828\05\1828.05.27_TheBelfastNews-Letter_0004.txt
296	428	439	I:\BL_TXTS\1820s\1828\11\1828.11.18_TheHullPacketandHumberMercury_0001.txt	I:\BL_TXTS\1820s\1828\05\1828.05.20_TheHullPacketandHumberMercury_0001.txt
323	518	517	I:\BL_TXTS\1820s\1828\11\1828.11.18_TheHullPacketandHumberMercury_0001.txt	I:\BL_TXTS\1820s\1828\05\1828.05.27_TheHullPacketandHumberMercury_0001.txt
218	353	343	I:\BL_TXTS\1820s\1828\11\1828.11.19_TheDerbyMercury_0002.txt	I:\BL_TXTS\1820s\1828\05\1828.05.14_TheDerbyMercury_0001.txt
287	479	476	I:\BL_TXTS\1820s\1828\11\1828.11.19_TheDerbyMercury_0002.txt	I:\BL_TXTS\1820s\1828\05\1828.05.16_LiverpoolMercuryetc_0005.txt
203	339	326	I:\BL_TXTS\1820s\1828\11\1828.11.19_TheDerbyMercury_0002.txt	I:\BL_TXTS\1820s\1828\05\1828.05.23_LiverpoolMercuryetc_0005.txt
239	390	391	I:\BL_TXTS\1820s\1828\11\1828.11.19_TheDerbyMercury_0002.txt	I:\BL_TXTS\1820s\1828\05\1828.05.28_TheDerbyMercury_0002.txt
304	459	467	I:\BL_TXTS\1820s\1828\11\1828.11.21_LiverpoolMercuryetc_0004.txt	I:\BL_TXTS\1820s\1828\05\1828.05.02_LiverpoolMercuryetc_0004.txt
303	441	439	I:\BL_TXTS\1820s\1828\11\1828.11.21_LiverpoolMercuryetc_0004.txt	I:\BL_TXTS\1820s\1828\05\1828.05.09_LiverpoolMercuryetc_0004.txt
351	483	486	I:\BL_TXTS\1820s\1828\11\1828.11.21_LiverpoolMercuryetc_0004.txt	I:\BL_TXTS\1820s\1828\05\1828.05.16_LiverpoolMercuryetc_0004.txt
435	620	610	I:\BL_TXTS\1820s\1828\11\1828.11.21_LiverpoolMercuryetc_0004.txt	I:\BL_TXTS\1820s\1828\05\1828.05.23_LiverpoolMercuryetc_0004.txt
354	518	503	I:\BL_TXTS\1820s\1828\11\1828.11.21_LiverpoolMercuryetc_0004.txt	I:\BL_TXTS\1820s\1828\05\1828.05.30_LiverpoolMercuryetc_0004.txt
200	318	317	I:\BL_TXTS\1820s\1828\11\1828.11.21_LiverpoolMercuryetc_0007.txt	I:\BL_TXTS\1820s\1828\05\1828.05.02_LiverpoolMercuryetc_0007.txt
446	722	702	I:\BL_TXTS\1820s\1828\11\1828.11.21_LiverpoolMercuryetc_0007.txt	I:\BL_TXTS\1820s\1828\05\1828.05.09_LiverpoolMercuryetc_0007.txt
338	529	503	I:\BL_TXTS\1820s\1828\11\1828.11.21_LiverpoolMercuryetc_0007.txt	I:\BL_TXTS\1820s\1828\05\1828.05.16_LiverpoolMercuryetc_0007.txt
244	395	401	I:\BL_TXTS\1820s\1828\11\1828.11.21_LiverpoolMercuryetc_0007.txt	I:\BL_TXTS\1820s\1828\05\1828.05.23_LiverpoolMercuryetc_0007.txt
254	394	396	I:\BL_TXTS\1820s\1828\11\1828.11.21_LiverpoolMercuryetc_0007.txt	I:\BL_TXTS\1820s\1828\05\1828.05.30_LiverpoolMercuryetc_0007.txt
233	404	402	I:\BL_TXTS\1820s\1828\11\1828.11.21_TheBelfastNews-Letter_0004.txt	I:\BL_TXTS\1820s\1828\05\1828.05.02_TheBelfastNews-Letter_0004.txt
349	590	573	I:\BL_TXTS\1820s\1828\11\1828.11.21_TheBelfastNews-Letter_0004.txt	I:\BL_TXTS\1820s\1828\05\1828.05.09_TheBelfastNews-Letter_0004.txt
271	471	473	I:\BL_TXTS\1820s\1828\11\1828.11.21_TheBelfastNews-Letter_0004.txt	I:\BL_TXTS\1820s\1828\05\1828.05.16_TheBelfastNews-Letter_0004.txt
345	563	554	I:\BL_TXTS\1820s\1828\11\1828.11.21_TheBelfastNews-Letter_0004.txt	I:\BL_TXTS\1820s\1828\05\1828.05.23_TheBelfastNews-Letter_0004.txt
439	717	716	I:\BL_TXTS\1820s\1828\11\1828.11.21_TheBelfastNews-Letter_0004.txt	I:\BL_TXTS\1820s\1828\05\1828.05.30_TheBelfastNews-Letter_0004.txt
289	490	461	I:\BL_TXTS\1820s\1828\11\1828.11.21_TheManchesterTimes_0008.txt	I:\BL_TXTS\1820s\1828\05\1828.05.09_LiverpoolMercuryetc_0007.txt
319	458	450	I:\BL_TXTS\1820s\1828\11\1828.11.22_TheNewcastleCourantetc_0001.txt	I:\BL_TXTS\1820s\1828\05\1828.05.10_TheNewcastleCourantetc_0001.txt
295	398	403	I:\BL_TXTS\1820s\1828\11\1828.11.22_TheNewcastleCourantetc_0001.txt	I:\BL_TXTS\1820s\1828\05\1828.05.17_TheNewcastleCourantetc_0001.txt
437	776	762	I:\BL_TXTS\1820s\1828\11\1828.11.22_TheNewcastleCourantetc_0003.txt	I:\BL_TXTS\1820s\1828\05\1828.05.03_TheNewcastleCourantetc_0002.txt
247	317	321	I:\BL_TXTS\1820s\1828\11\1828.11.22_TheNewcastleCourantetc_0003.txt	I:\BL_TXTS\1820s\1828\05\1828.05.07_TheDerbyMercury_0001.txt
208	283	299	I:\BL_TXTS\1820s\1828\11\1828.11.22_TheNewcastleCourantetc_0003.txt	I:\BL_TXTS\1820s\1828\05\1828.05.07_TheDerbyMercury_0003.txt
364	605	606	I:\BL_TXTS\1820s\1828\11\1828.11.22_TheNewcastleCourantetc_0003.txt	I:\BL_TXTS\1820s\1828\05\1828.05.10_TheNewcastleCourantetc_0003.txt
349	599	595	I:\BL_TXTS\1820s\1828\11\1828.11.22_TheNewcastleCourantetc_0003.txt	I:\BL_TXTS\1820s\1828\05\1828.05.17_TheNewcastleCourantetc_0003.txt
202	268	273	I:\BL_TXTS\1820s\1828\11\1828.11.22_TheNewcastleCourantetc_0003.txt	I:\BL_TXTS\1820s\1828\05\1828.05.19_HampshireTelegraphandSussexChronicleetc_0001.txt
273	445	435	I:\BL_TXTS\1820s\1828\11\1828.11.22_TheNewcastleCourantetc_0003.txt	I:\BL_TXTS\1820s\1828\05\1828.05.24_TheNewcastleCourantetc_0003.txt
277	378	381	I:\BL_TXTS\1820s\1828\11\1828.11.22_TheNewcastleCourantetc_0003.txt	I:\BL_TXTS\1820s\1828\05\1828.05.31_TheNewcastleCourantetc_0001.txt
557	922	924	I:\BL_TXTS\1820s\1828\11\1828.11.22_TheNewcastleCourantetc_0003.txt	I:\BL_TXTS\1820s\1828\05\1828.05.31_TheNewcastleCourantetc_0003.txt
301	516	496	I:\BL_TXTS\1820s\1828\11\1828.11.22_TheNewcastleCourantetc_0004.txt	I:\BL_TXTS\1820s\1828\05\1828.05.03_TheNewcastleCourantetc_0004.txt
299	494	496	I:\BL_TXTS\1820s\1828\11\1828.11.22_TheNewcastleCourantetc_0004.txt	I:\BL_TXTS\1820s\1828\05\1828.05.10_TheNewcastleCourantetc_0004.txt
327	553	557	I:\BL_TXTS\1820s\1828\11\1828.11.22_TheNewcastleCourantetc_0004.txt	I:\BL_TXTS\1820s\1828\05\1828.05.17_TheNewcastleCourantetc_0004.txt
264	435	438	I:\BL_TXTS\1820s\1828\11\1828.11.22_TheNewcastleCourantetc_0004.txt	I:\BL_TXTS\1820s\1828\05\1828.05.24_TheNewcastleCourantetc_0004.txt
290	493	486	I:\BL_TXTS\1820s\1828\11\1828.11.22_TheNewcastleCourantetc_0004.txt	I:\BL_TXTS\1820s\1828\05\1828.05.31_TheNewcastleCourantetc_0004.txt
234	376	391	I:\BL_TXTS\1820s\1828\11\1828.11.25_TheBelfastNews-Letter_0004.txt	I:\BL_TXTS\1820s\1828\05\1828.05.27_TheBelfastNews-Letter_0004.txt
228	330	322	I:\BL_TXTS\1820s\1828\11\1828.11.25_TheBristolMercury_0003.txt	I:\BL_TXTS\1820s\1828\05\1828.05.06_TheBristolMercury_0003.txt
296	443	440	I:\BL_TXTS\1820s\1828\11\1828.11.25_TheBristolMercury_0003.txt	I:\BL_TXTS\1820s\1828\05\1828.05.13_TheBristolMercury_0003.txt
200	310	300	I:\BL_TXTS\1820s\1828\11\1828.11.25_TheBristolMercury_0004.txt	I:\BL_TXTS\1820s\1828\05\1828.05.27_TheBristolMercury_0004.txt
248	351	344	I:\BL_TXTS\1820s\1828\11\1828.11.26_TheDerbyMercury_0001.txt	I:\BL_TXTS\1820s\1828\05\1828.05.07_TheDerbyMercury_0001.txt
262	375	373	I:\BL_TXTS\1820s\1828\11\1828.11.26_TheDerbyMercury_0001.txt	I:\BL_TXTS\1820s\1828\05\1828.05.07_TheDerbyMercury_0003.txt
387	571	566	I:\BL_TXTS\1820s\1828\11\1828.11.28_LiverpoolMercuryetc_0004.txt	I:\BL_TXTS\1820s\1828\05\1828.05.02_LiverpoolMercuryetc_0004.txt
291	431	430	I:\BL_TXTS\1820s\1828\11\1828.11.28_LiverpoolMercuryetc_0004.txt	I:\BL_TXTS\1820s\1828\05\1828.05.09_LiverpoolMercuryetc_0004.txt
389	554	555	I:\BL_TXTS\1820s\1828\11\1828.11.28_LiverpoolMercuryetc_0004.txt	I:\BL_TXTS\1820s\1828\05\1828.05.16_LiverpoolMercuryetc_0004.txt
467	650	658	I:\BL_TXTS\1820s\1828\11\1828.11.28_LiverpoolMercuryetc_0004.txt	I:\BL_TXTS\1820s\1828\05\1828.05.23_LiverpoolMercuryetc_0004.txt
366	543	537	I:\BL_TXTS\1820s\1828\11\1828.11.28_LiverpoolMercuryetc_0004.txt	I:\BL_TXTS\1820s\1828\05\1828.05.30_LiverpoolMercuryetc_0004.txt
459	726	728	I:\BL_TXTS\1820s\1828\11\1828.11.28_LiverpoolMercuryetc_0007.txt	I:\BL_TXTS\1820s\1828\05\1828.05.09_LiverpoolMercuryetc_0007.txt
269	424	438	I:\BL_TXTS\1820s\1828\11\1828.11.28_LiverpoolMercuryetc_0007.txt	I:\BL_TXTS\1820s\1828\05\1828.05.16_LiverpoolMercuryetc_0007.txt
232	374	388	I:\BL_TXTS\1820s\1828\11\1828.11.28_LiverpoolMercuryetc_0007.txt	I:\BL_TXTS\1820s\1828\05\1828.05.23_LiverpoolMercuryetc_0007.txt
247	379	381	I:\BL_TXTS\1820s\1828\11\1828.11.28_LiverpoolMercuryetc_0007.txt	I:\BL_TXTS\1820s\1828\05\1828.05.30_LiverpoolMercuryetc_0007.txt
283	465	460	I:\BL_TXTS\1820s\1828\11\1828.11.28_TheBelfastNews-Letter_0001.txt	I:\BL_TXTS\1820s\1828\05\1828.05.02_TheBelfastNews-Letter_0004.txt
331	547	534	I:\BL_TXTS\1820s\1828\11\1828.11.28_TheBelfastNews-Letter_0001.txt	I:\BL_TXTS\1820s\1828\05\1828.05.09_TheBelfastNews-Letter_0004.txt
382	635	630	I:\BL_TXTS\1820s\1828\11\1828.11.28_TheBelfastNews-Letter_0001.txt	I:\BL_TXTS\1820s\1828\05\1828.05.16_TheBelfastNews-Letter_0004.txt
366	583	559	I:\BL_TXTS\1820s\1828\11\1828.11.28_TheBelfastNews-Letter_0001.txt	I:\BL_TXTS\1820s\1828\05\1828.05.23_TheBelfastNews-Letter_0004.txt
395	610	616	I:\BL_TXTS\1820s\1828\11\1828.11.28_TheBelfastNews-Letter_0001.txt	I:\BL_TXTS\1820s\1828\05\1828.05.30_TheBelfastNews-Letter_0004.txt
311	504	489	I:\BL_TXTS\1820s\1828\11\1828.11.28_TheManchesterTimes_0008.txt	I:\BL_TXTS\1820s\1828\05\1828.05.09_LiverpoolMercuryetc_0007.txt
245	365	359	I:\BL_TXTS\1820s\1828\11\1828.11.29_TheNewcastleCourantetc_0001.txt	I:\BL_TXTS\1820s\1828\05\1828.05.10_TheNewcastleCourantetc_0001.txt
215	308	304	I:\BL_TXTS\1820s\1828\11\1828.11.29_TheNewcastleCourantetc_0001.txt	I:\BL_TXTS\1820s\1828\05\1828.05.17_TheNewcastleCourantetc_0001.txt
338	569	559	I:\BL_TXTS\1820s\1828\11\1828.11.29_TheNewcastleCourantetc_0003.txt	I:\BL_TXTS\1820s\1828\05\1828.05.03_TheNewcastleCourantetc_0002.txt
345	599	604	I:\BL_TXTS\1820s\1828\11\1828.11.29_TheNewcastleCourantetc_0003.txt	I:\BL_TXTS\1820s\1828\05\1828.05.10_TheNewcastleCourantetc_0003.txt
235	340	348	I:\BL_TXTS\1820s\1828\11\1828.11.29_TheNewcastleCourantetc_0003.txt	I:\BL_TXTS\1820s\1828\05\1828.05.14_TheDerbyMercury_0004.txt
255	441	439	I:\BL_TXTS\1820s\1828\11\1828.11.29_TheNewcastleCourantetc_0003.txt	I:\BL_TXTS\1820s\1828\05\1828.05.17_TheNewcastleCourantetc_0003.txt
378	613	606	I:\BL_TXTS\1820s\1828\11\1828.11.29_TheNewcastleCourantetc_0003.txt	I:\BL_TXTS\1820s\1828\05\1828.05.24_TheNewcastleCourantetc_0003.txt
403	682	671	I:\BL_TXTS\1820s\1828\11\1828.11.29_TheNewcastleCourantetc_0003.txt	I:\BL_TXTS\1820s\1828\05\1828.05.31_TheNewcastleCourantetc_0003.txt
349	602	612	I:\BL_TXTS\1820s\1828\11\1828.11.29_TheNewcastleCourantetc_0004.txt	I:\BL_TXTS\1820s\1828\05\1828.05.03_TheNewcastleCourantetc_0004.txt
273	472	471	I:\BL_TXTS\1820s\1828\11\1828.11.29_TheNewcastleCourantetc_0004.txt	I:\BL_TXTS\1820s\1828\05\1828.05.10_TheNewcastleCourantetc_0004.txt
249	445	441	I:\BL_TXTS\1820s\1828\11\1828.11.29_TheNewcastleCourantetc_0004.txt	I:\BL_TXTS\1820s\1828\05\1828.05.17_TheNewcastleCourantetc_0004.txt
272	432	445	I:\BL_TXTS\1820s\1828\11\1828.11.29_TheNewcastleCourantetc_0004.txt	I:\BL_TXTS\1820s\1828\05\1828.05.24_TheNewcastleCourantetc_0004.txt
306	388	389	I:\BL_TXTS\1820s\1828\11\1828.11.30_TheExaminer_0015.txt	I:\BL_TXTS\1820s\1828\05\1828.05.04_TheExaminer_0015.txt
259	311	312	I:\BL_TXTS\1820s\1828\11\1828.11.30_TheExaminer_0015.txt	I:\BL_TXTS\1820s\1828\05\1828.05.11_TheExaminer_0015.txt
248	322	319	I:\BL_TXTS\1820s\1828\11\1828.11.30_TheExaminer_0015.txt	I:\BL_TXTS\1820s\1828\05\1828.05.18_TheExaminer_0015.txt
209	332	317	I:\BL_TXTS\1820s\1828\12\1828.12.02_TheBristolMercury_0003.txt	I:\BL_TXTS\1820s\1828\05\1828.05.06_TheBristolMercury_0003.txt
277	393	394	I:\BL_TXTS\1820s\1828\12\1828.12.02_TheBristolMercury_0003.txt	I:\BL_TXTS\1820s\1828\05\1828.05.13_TheBristolMercury_0003.txt
309	473	458	I:\BL_TXTS\1820s\1828\12\1828.12.02_TheBristolMercury_0004.txt	I:\BL_TXTS\1820s\1828\05\1828.05.13_TheBristolMercury_0004.txt
276	425	434	I:\BL_TXTS\1820s\1828\12\1828.12.02_TheBristolMercury_0004.txt	I:\BL_TXTS\1820s\1828\05\1828.05.20_TheBristolMercury_0004.txt
304	451	442	I:\BL_TXTS\1820s\1828\12\1828.12.02_TheBristolMercury_0004.txt	I:\BL_TXTS\1820s\1828\05\1828.05.27_TheBristolMercury_0004.txt
226	338	354	I:\BL_TXTS\1820s\1828\12\1828.12.02_TheHullPacketandHumberMercury_0002.txt	I:\BL_TXTS\1820s\1828\05\1828.05.13_TheHullPacketandHumberMercury_0001.txt
239	328	344	I:\BL_TXTS\1820s\1828\12\1828.12.02_TheHullPacketandHumberMercury_0002.txt	I:\BL_TXTS\1820s\1828\05\1828.05.20_TheHullPacketandHumberMercury_0001.txt
489	735	754	I:\BL_TXTS\1820s\1828\12\1828.12.02_TheHullPacketandHumberMercury_0002.txt	I:\BL_TXTS\1820s\1828\05\1828.05.27_TheHullPacketandHumberMercury_0001.txt
204	346	350	I:\BL_TXTS\1820s\1828\12\1828.12.03_TheDerbyMercury_0004.txt	I:\BL_TXTS\1820s\1828\05\1828.05.16_LiverpoolMercuryetc_0005.txt
367	560	564	I:\BL_TXTS\1820s\1828\12\1828.12.05_LiverpoolMercuryetc_0004.txt	I:\BL_TXTS\1820s\1828\05\1828.05.02_LiverpoolMercuryetc_0004.txt
283	401	410	I:\BL_TXTS\1820s\1828\12\1828.12.05_LiverpoolMercuryetc_0004.txt	I:\BL_TXTS\1820s\1828\05\1828.05.09_LiverpoolMercuryetc_0004.txt
339	514	526	I:\BL_TXTS\1820s\1828\12\1828.12.05_LiverpoolMercuryetc_0004.txt	I:\BL_TXTS\1820s\1828\05\1828.05.16_LiverpoolMercuryetc_0004.txt
451	645	661	I:\BL_TXTS\1820s\1828\12\1828.12.05_LiverpoolMercuryetc_0004.txt	I:\BL_TXTS\1820s\1828\05\1828.05.23_LiverpoolMercuryetc_0004.txt
368	549	564	I:\BL_TXTS\1820s\1828\12\1828.12.05_LiverpoolMercuryetc_0004.txt	I:\BL_TXTS\1820s\1828\05\1828.05.30_LiverpoolMercuryetc_0004.txt
208	342	340	I:\BL_TXTS\1820s\1828\12\1828.12.05_LiverpoolMercuryetc_0007.txt	I:\BL_TXTS\1820s\1828\05\1828.05.02_LiverpoolMercuryetc_0007.txt
320	511	488	I:\BL_TXTS\1820s\1828\12\1828.12.05_LiverpoolMercuryetc_0007.txt	I:\BL_TXTS\1820s\1828\05\1828.05.09_LiverpoolMercuryetc_0007.txt
233	380	380	I:\BL_TXTS\1820s\1828\12\1828.12.06_TheIpswichJournal_0004.txt	I:\BL_TXTS\1820s\1828\05\1828.05.17_TheIpswichJournal_0004.txt
232	386	378	I:\BL_TXTS\1820s\1828\12\1828.12.06_TheIpswichJournal_0004.txt	I:\BL_TXTS\1820s\1828\05\1828.05.24_TheIpswichJournal_0004.txt
212	279	278	I:\BL_TXTS\1820s\1828\12\1828.12.06_TheNewcastleCourantetc_0001.txt	I:\BL_TXTS\1820s\1828\05\1828.05.17_TheNewcastleCourantetc_0001.txt
205	316	326	I:\BL_TXTS\1820s\1828\12\1828.12.06_TheNewcastleCourantetc_0001.txt	I:\BL_TXTS\1820s\1828\05\1828.05.31_TheNewcastleCourantetc_0001.txt
347	606	578	I:\BL_TXTS\1820s\1828\12\1828.12.06_TheNewcastleCourantetc_0003.txt	I:\BL_TXTS\1820s\1828\05\1828.05.03_TheNewcastleCourantetc_0002.txt
336	591	567	I:\BL_TXTS\1820s\1828\12\1828.12.06_TheNewcastleCourantetc_0003.txt	I:\BL_TXTS\1820s\1828\05\1828.05.10_TheNewcastleCourantetc_0003.txt
281	481	478	I:\BL_TXTS\1820s\1828\12\1828.12.06_TheNewcastleCourantetc_0003.txt	I:\BL_TXTS\1820s\1828\05\1828.05.17_TheNewcastleCourantetc_0003.txt
344	567	559	I:\BL_TXTS\1820s\1828\12\1828.12.06_TheNewcastleCourantetc_0003.txt	I:\BL_TXTS\1820s\1828\05\1828.05.24_TheNewcastleCourantetc_0003.txt
509	872	865	I:\BL_TXTS\1820s\1828\12\1828.12.06_TheNewcastleCourantetc_0003.txt	I:\BL_TXTS\1820s\1828\05\1828.05.31_TheNewcastleCourantetc_0003.txt
208	346	338	I:\BL_TXTS\1820s\1828\12\1828.12.06_TheNewcastleCourantetc_0004.txt	I:\BL_TXTS\1820s\1828\05\1828.05.03_TheNewcastleCourantetc_0004.txt
260	429	428	I:\BL_TXTS\1820s\1828\12\1828.12.06_TheNewcastleCourantetc_0004.txt	I:\BL_TXTS\1820s\1828\05\1828.05.24_TheNewcastleCourantetc_0004.txt
224	373	369	I:\BL_TXTS\1820s\1828\12\1828.12.06_TheNewcastleCourantetc_0004.txt	I:\BL_TXTS\1820s\1828\05\1828.05.31_TheNewcastleCourantetc_0004.txt
308	497	474	I:\BL_TXTS\1820s\1828\12\1828.12.09_TheBristolMercury_0004.txt	I:\BL_TXTS\1820s\1828\05\1828.05.13_TheBristolMercury_0004.txt
286	458	443	I:\BL_TXTS\1820s\1828\12\1828.12.09_TheBristolMercury_0004.txt	I:\BL_TXTS\1820s\1828\05\1828.05.20_TheBristolMercury_0004.txt
338	528	510	I:\BL_TXTS\1820s\1828\12\1828.12.09_TheBristolMercury_0004.txt	I:\BL_TXTS\1820s\1828\05\1828.05.27_TheBristolMercury_0004.txt
274	414	429	I:\BL_TXTS\1820s\1828\12\1828.12.12_LiverpoolMercuryetc_0004.txt	I:\BL_TXTS\1820s\1828\05\1828.05.02_LiverpoolMercuryetc_0004.txt
305	420	427	I:\BL_TXTS\1820s\1828\12\1828.12.12_LiverpoolMercuryetc_0004.txt	I:\BL_TXTS\1820s\1828\05\1828.05.09_LiverpoolMercuryetc_0004.txt
288	421	438	I:\BL_TXTS\1820s\1828\12\1828.12.12_LiverpoolMercuryetc_0004.txt	I:\BL_TXTS\1820s\1828\05\1828.05.16_LiverpoolMercuryetc_0004.txt
365	507	520	I:\BL_TXTS\1820s\1828\12\1828.12.12_LiverpoolMercuryetc_0004.txt	I:\BL_TXTS\1820s\1828\05\1828.05.23_LiverpoolMercuryetc_0004.txt
319	486	495	I:\BL_TXTS\1820s\1828\12\1828.12.12_LiverpoolMercuryetc_0004.txt	I:\BL_TXTS\1820s\1828\05\1828.05.30_LiverpoolMercuryetc_0004.txt
411	704	685	I:\BL_TXTS\1820s\1828\12\1828.12.12_LiverpoolMercuryetc_0007.txt	I:\BL_TXTS\1820s\1828\05\1828.05.09_LiverpoolMercuryetc_0007.txt
250	409	399	I:\BL_TXTS\1820s\1828\12\1828.12.12_LiverpoolMercuryetc_0007.txt	I:\BL_TXTS\1820s\1828\05\1828.05.16_LiverpoolMercuryetc_0007.txt
208	332	335	I:\BL_TXTS\1820s\1828\12\1828.12.12_LiverpoolMercuryetc_0007.txt	I:\BL_TXTS\1820s\1828\05\1828.05.30_LiverpoolMercuryetc_0007.txt
400	575	547	I:\BL_TXTS\1820s\1828\12\1828.12.12_TheBelfastNews-Letter_0003.txt	I:\BL_TXTS\1820s\1828\05\1828.05.09_TheBelfastNews-Letter_0001.txt
293	487	492	I:\BL_TXTS\1820s\1828\12\1828.12.12_TheBelfastNews-Letter_0004.txt	I:\BL_TXTS\1820s\1828\05\1828.05.02_TheBelfastNews-Letter_0004.txt
486	803	811	I:\BL_TXTS\1820s\1828\12\1828.12.12_TheBelfastNews-Letter_0004.txt	I:\BL_TXTS\1820s\1828\05\1828.05.09_TheBelfastNews-Letter_0004.txt
436	705	725	I:\BL_TXTS\1820s\1828\12\1828.12.12_TheBelfastNews-Letter_0004.txt	I:\BL_TXTS\1820s\1828\05\1828.05.16_TheBelfastNews-Letter_0004.txt
437	709	687	I:\BL_TXTS\1820s\1828\12\1828.12.12_TheBelfastNews-Letter_0004.txt	I:\BL_TXTS\1820s\1828\05\1828.05.23_TheBelfastNews-Letter_0004.txt
506	818	820	I:\BL_TXTS\1820s\1828\12\1828.12.12_TheBelfastNews-Letter_0004.txt	I:\BL_TXTS\1820s\1828\05\1828.05.30_TheBelfastNews-Letter_0004.txt
373	547	561	I:\BL_TXTS\1820s\1828\12\1828.12.12_TheManchesterTimes_0008.txt	I:\BL_TXTS\1820s\1828\05\1828.05.09_LiverpoolMercuryetc_0007.txt
213	363	379	I:\BL_TXTS\1820s\1828\12\1828.12.12_TheManchesterTimes_0008.txt	I:\BL_TXTS\1820s\1828\05\1828.05.23_LiverpoolMercuryetc_0007.txt
204	355	350	I:\BL_TXTS\1820s\1828\12\1828.12.13_TheIpswichJournal_0004.txt	I:\BL_TXTS\1820s\1828\05\1828.05.24_TheIpswichJournal_0004.txt
211	289	291	I:\BL_TXTS\1820s\1828\12\1828.12.13_TheNewcastleCourantetc_0001.txt	I:\BL_TXTS\1820s\1828\05\1828.05.03_TheNewcastleCourantetc_0001.txt
209	312	315	I:\BL_TXTS\1820s\1828\12\1828.12.13_TheNewcastleCourantetc_0001.txt	I:\BL_TXTS\1820s\1828\05\1828.05.17_TheIpswichJournal_0001.txt
279	391	390	I:\BL_TXTS\1820s\1828\12\1828.12.13_TheNewcastleCourantetc_0001.txt	I:\BL_TXTS\1820s\1828\05\1828.05.17_TheNewcastleCourantetc_0001.txt
219	287	281	I:\BL_TXTS\1820s\1828\12\1828.12.13_TheNewcastleCourantetc_0001.txt	I:\BL_TXTS\1820s\1828\05\1828.05.31_TheNewcastleCourantetc_0001.txt
512	929	914	I:\BL_TXTS\1820s\1828\12\1828.12.13_TheNewcastleCourantetc_0003.txt	I:\BL_TXTS\1820s\1828\05\1828.05.03_TheNewcastleCourantetc_0002.txt
404	661	658	I:\BL_TXTS\1820s\1828\12\1828.12.13_TheNewcastleCourantetc_0003.txt	I:\BL_TXTS\1820s\1828\05\1828.05.10_TheNewcastleCourantetc_0003.txt
423	678	669	I:\BL_TXTS\1820s\1828\12\1828.12.13_TheNewcastleCourantetc_0003.txt	I:\BL_TXTS\1820s\1828\05\1828.05.17_TheNewcastleCourantetc_0003.txt
451	718	725	I:\BL_TXTS\1820s\1828\12\1828.12.13_TheNewcastleCourantetc_0003.txt	I:\BL_TXTS\1820s\1828\05\1828.05.24_TheNewcastleCourantetc_0003.txt
695	1155	1157	I:\BL_TXTS\1820s\1828\12\1828.12.13_TheNewcastleCourantetc_0003.txt	I:\BL_TXTS\1820s\1828\05\1828.05.31_TheNewcastleCourantetc_0003.txt
289	466	473	I:\BL_TXTS\1820s\1828\12\1828.12.13_TheNewcastleCourantetc_0004.txt	I:\BL_TXTS\1820s\1828\05\1828.05.03_TheNewcastleCourantetc_0004.txt
203	360	361	I:\BL_TXTS\1820s\1828\12\1828.12.13_TheNewcastleCourantetc_0004.txt	I:\BL_TXTS\1820s\1828\05\1828.05.31_TheNewcastleCourantetc_0004.txt
299	452	434	I:\BL_TXTS\1820s\1828\12\1828.12.16_TheBristolMercury_0004.txt	I:\BL_TXTS\1820s\1828\05\1828.05.13_TheBristolMercury_0004.txt
336	522	522	I:\BL_TXTS\1820s\1828\12\1828.12.16_TheBristolMercury_0004.txt	I:\BL_TXTS\1820s\1828\05\1828.05.20_TheBristolMercury_0004.txt
339	549	537	I:\BL_TXTS\1820s\1828\12\1828.12.16_TheBristolMercury_0004.txt	I:\BL_TXTS\1820s\1828\05\1828.05.27_TheBristolMercury_0004.txt
251	386	394	I:\BL_TXTS\1820s\1828\12\1828.12.19_LiverpoolMercuryetc_0004.txt	I:\BL_TXTS\1820s\1828\05\1828.05.02_LiverpoolMercuryetc_0004.txt
262	404	407	I:\BL_TXTS\1820s\1828\12\1828.12.19_LiverpoolMercuryetc_0004.txt	I:\BL_TXTS\1820s\1828\05\1828.05.16_LiverpoolMercuryetc_0004.txt
309	467	470	I:\BL_TXTS\1820s\1828\12\1828.12.19_LiverpoolMercuryetc_0004.txt	I:\BL_TXTS\1820s\1828\05\1828.05.23_LiverpoolMercuryetc_0004.txt
219	319	318	I:\BL_TXTS\1820s\1828\12\1828.12.19_LiverpoolMercuryetc_0004.txt	I:\BL_TXTS\1820s\1828\05\1828.05.30_LiverpoolMercuryetc_0004.txt
200	307	305	I:\BL_TXTS\1820s\1828\12\1828.12.19_LiverpoolMercuryetc_0005.txt	I:\BL_TXTS\1820s\1828\05\1828.05.31_TheNewcastleCourantetc_0003.txt
260	400	409	I:\BL_TXTS\1820s\1828\12\1828.12.19_LiverpoolMercuryetc_0007.txt	I:\BL_TXTS\1820s\1828\05\1828.05.02_LiverpoolMercuryetc_0007.txt
471	735	738	I:\BL_TXTS\1820s\1828\12\1828.12.19_LiverpoolMercuryetc_0007.txt	I:\BL_TXTS\1820s\1828\05\1828.05.09_LiverpoolMercuryetc_0007.txt
323	488	486	I:\BL_TXTS\1820s\1828\12\1828.12.19_LiverpoolMercuryetc_0007.txt	I:\BL_TXTS\1820s\1828\05\1828.05.16_LiverpoolMercuryetc_0007.txt
261	442	459	I:\BL_TXTS\1820s\1828\12\1828.12.19_LiverpoolMercuryetc_0007.txt	I:\BL_TXTS\1820s\1828\05\1828.05.23_LiverpoolMercuryetc_0007.txt
300	473	499	I:\BL_TXTS\1820s\1828\12\1828.12.19_LiverpoolMercuryetc_0007.txt	I:\BL_TXTS\1820s\1828\05\1828.05.30_LiverpoolMercuryetc_0007.txt
334	566	564	I:\BL_TXTS\1820s\1828\12\1828.12.19_TheBelfastNews-Letter_0004.txt	I:\BL_TXTS\1820s\1828\05\1828.05.02_TheBelfastNews-Letter_0004.txt
384	596	599	I:\BL_TXTS\1820s\1828\12\1828.12.19_TheBelfastNews-Letter_0004.txt	I:\BL_TXTS\1820s\1828\05\1828.05.09_TheBelfastNews-Letter_0004.txt
352	573	567	I:\BL_TXTS\1820s\1828\12\1828.12.19_TheBelfastNews-Letter_0004.txt	I:\BL_TXTS\1820s\1828\05\1828.05.16_TheBelfastNews-Letter_0004.txt
413	671	647	I:\BL_TXTS\1820s\1828\12\1828.12.19_TheBelfastNews-Letter_0004.txt	I:\BL_TXTS\1820s\1828\05\1828.05.23_TheBelfastNews-Letter_0004.txt
482	782	791	I:\BL_TXTS\1820s\1828\12\1828.12.19_TheBelfastNews-Letter_0004.txt	I:\BL_TXTS\1820s\1828\05\1828.05.30_TheBelfastNews-Letter_0004.txt
264	337	336	I:\BL_TXTS\1820s\1828\12\1828.12.19_TheManchesterTimes_0001.txt	I:\BL_TXTS\1820s\1828\05\1828.05.24_TheNewcastleCourantetc_0001.txt
328	599	588	I:\BL_TXTS\1820s\1828\12\1828.12.20_TheNewcastleCourantetc_0003.txt	I:\BL_TXTS\1820s\1828\05\1828.05.03_TheNewcastleCourantetc_0002.txt
369	642	637	I:\BL_TXTS\1820s\1828\12\1828.12.20_TheNewcastleCourantetc_0003.txt	I:\BL_TXTS\1820s\1828\05\1828.05.10_TheNewcastleCourantetc_0003.txt
202	299	301	I:\BL_TXTS\1820s\1828\12\1828.12.20_TheNewcastleCourantetc_0003.txt	I:\BL_TXTS\1820s\1828\05\1828.05.17_TheIpswichJournal_0001.txt
310	559	560	I:\BL_TXTS\1820s\1828\12\1828.12.20_TheNewcastleCourantetc_0003.txt	I:\BL_TXTS\1820s\1828\05\1828.05.17_TheNewcastleCourantetc_0003.txt
341	550	539	I:\BL_TXTS\1820s\1828\12\1828.12.20_TheNewcastleCourantetc_0003.txt	I:\BL_TXTS\1820s\1828\05\1828.05.24_TheNewcastleCourantetc_0003.txt
222	291	291	I:\BL_TXTS\1820s\1828\12\1828.12.20_TheNewcastleCourantetc_0003.txt	I:\BL_TXTS\1820s\1828\05\1828.05.31_TheNewcastleCourantetc_0001.txt
455	762	756	I:\BL_TXTS\1820s\1828\12\1828.12.20_TheNewcastleCourantetc_0003.txt	I:\BL_TXTS\1820s\1828\05\1828.05.31_TheNewcastleCourantetc_0003.txt
225	388	377	I:\BL_TXTS\1820s\1828\12\1828.12.20_TheNewcastleCourantetc_0004.txt	I:\BL_TXTS\1820s\1828\05\1828.05.03_TheNewcastleCourantetc_0004.txt
201	224	225	I:\BL_TXTS\1820s\1828\12\1828.12.21_TheExaminer_0016.txt	I:\BL_TXTS\1820s\1828\05\1828.05.25_TheExaminer_0014.txt
206	320	320	I:\BL_TXTS\1820s\1828\12\1828.12.23_TheBristolMercury_0003.txt	I:\BL_TXTS\1820s\1828\05\1828.05.06_TheBristolMercury_0003.txt
232	407	366	I:\BL_TXTS\1820s\1828\12\1828.12.23_TheBristolMercury_0004.txt	I:\BL_TXTS\1820s\1828\05\1828.05.13_TheBristolMercury_0004.txt
209	352	328	I:\BL_TXTS\1820s\1828\12\1828.12.23_TheBristolMercury_0004.txt	I:\BL_TXTS\1820s\1828\05\1828.05.27_TheBristolMercury_0004.txt
296	459	469	I:\BL_TXTS\1820s\1828\12\1828.12.26_LiverpoolMercuryetc_0004.txt	I:\BL_TXTS\1820s\1828\05\1828.05.02_LiverpoolMercuryetc_0004.txt
217	337	339	I:\BL_TXTS\1820s\1828\12\1828.12.26_LiverpoolMercuryetc_0004.txt	I:\BL_TXTS\1820s\1828\05\1828.05.09_LiverpoolMercuryetc_0004.txt
337	509	513	I:\BL_TXTS\1820s\1828\12\1828.12.26_LiverpoolMercuryetc_0004.txt	I:\BL_TXTS\1820s\1828\05\1828.05.16_LiverpoolMercuryetc_0004.txt
401	607	617	I:\BL_TXTS\1820s\1828\12\1828.12.26_LiverpoolMercuryetc_0004.txt	I:\BL_TXTS\1820s\1828\05\1828.05.23_LiverpoolMercuryetc_0004.txt
277	424	418	I:\BL_TXTS\1820s\1828\12\1828.12.26_LiverpoolMercuryetc_0004.txt	I:\BL_TXTS\1820s\1828\05\1828.05.30_LiverpoolMercuryetc_0004.txt
497	770	753	I:\BL_TXTS\1820s\1828\12\1828.12.26_LiverpoolMercuryetc_0007.txt	I:\BL_TXTS\1820s\1828\05\1828.05.09_LiverpoolMercuryetc_0007.txt
229	364	356	I:\BL_TXTS\1820s\1828\12\1828.12.26_LiverpoolMercuryetc_0007.txt	I:\BL_TXTS\1820s\1828\05\1828.05.16_LiverpoolMercuryetc_0007.txt
259	442	455	I:\BL_TXTS\1820s\1828\12\1828.12.26_LiverpoolMercuryetc_0007.txt	I:\BL_TXTS\1820s\1828\05\1828.05.23_LiverpoolMercuryetc_0007.txt
382	629	631	I:\BL_TXTS\1820s\1828\12\1828.12.26_TheBelfastNews-Letter_0004.txt	I:\BL_TXTS\1820s\1828\05\1828.05.02_TheBelfastNews-Letter_0004.txt
496	813	809	I:\BL_TXTS\1820s\1828\12\1828.12.26_TheBelfastNews-Letter_0004.txt	I:\BL_TXTS\1820s\1828\05\1828.05.09_TheBelfastNews-Letter_0004.txt
423	715	715	I:\BL_TXTS\1820s\1828\12\1828.12.26_TheBelfastNews-Letter_0004.txt	I:\BL_TXTS\1820s\1828\05\1828.05.16_TheBelfastNews-Letter_0004.txt
403	675	645	I:\BL_TXTS\1820s\1828\12\1828.12.26_TheBelfastNews-Letter_0004.txt	I:\BL_TXTS\1820s\1828\05\1828.05.23_TheBelfastNews-Letter_0004.txt
587	916	923	I:\BL_TXTS\1820s\1828\12\1828.12.26_TheBelfastNews-Letter_0004.txt	I:\BL_TXTS\1820s\1828\05\1828.05.30_TheBelfastNews-Letter_0004.txt
234	366	352	I:\BL_TXTS\1820s\1828\12\1828.12.26_TheManchesterTimes_0008.txt	I:\BL_TXTS\1820s\1828\05\1828.05.16_LiverpoolMercuryetc_0007.txt
260	452	436	I:\BL_TXTS\1820s\1828\12\1828.12.27_TheNewcastleCourantetc_0003.txt	I:\BL_TXTS\1820s\1828\05\1828.05.03_TheNewcastleCourantetc_0002.txt
204	386	370	I:\BL_TXTS\1820s\1828\12\1828.12.27_TheNewcastleCourantetc_0003.txt	I:\BL_TXTS\1820s\1828\05\1828.05.10_TheNewcastleCourantetc_0003.txt
217	356	352	I:\BL_TXTS\1820s\1828\12\1828.12.27_TheNewcastleCourantetc_0003.txt	I:\BL_TXTS\1820s\1828\05\1828.05.24_TheNewcastleCourantetc_0003.txt
232	299	299	I:\BL_TXTS\1820s\1828\12\1828.12.27_TheNewcastleCourantetc_0003.txt	I:\BL_TXTS\1820s\1828\05\1828.05.31_TheNewcastleCourantetc_0001.txt
457	773	772	I:\BL_TXTS\1820s\1828\12\1828.12.27_TheNewcastleCourantetc_0003.txt	I:\BL_TXTS\1820s\1828\05\1828.05.31_TheNewcastleCourantetc_0003.txt
307	516	523	I:\BL_TXTS\1820s\1828\12\1828.12.27_TheNewcastleCourantetc_0004.txt	I:\BL_TXTS\1820s\1828\05\1828.05.03_TheNewcastleCourantetc_0004.txt
277	467	465	I:\BL_TXTS\1820s\1828\12\1828.12.27_TheNewcastleCourantetc_0004.txt	I:\BL_TXTS\1820s\1828\05\1828.05.10_TheNewcastleCourantetc_0004.txt
305	514	521	I:\BL_TXTS\1820s\1828\12\1828.12.27_TheNewcastleCourantetc_0004.txt	I:\BL_TXTS\1820s\1828\05\1828.05.17_TheNewcastleCourantetc_0004.txt
261	442	447	I:\BL_TXTS\1820s\1828\12\1828.12.27_TheNewcastleCourantetc_0004.txt	I:\BL_TXTS\1820s\1828\05\1828.05.24_TheNewcastleCourantetc_0004.txt
246	410	409	I:\BL_TXTS\1820s\1828\12\1828.12.27_TheNewcastleCourantetc_0004.txt	I:\BL_TXTS\1820s\1828\05\1828.05.31_TheNewcastleCourantetc_0004.txt
239	333	332	I:\BL_TXTS\1820s\1828\12\1828.12.30_TheBelfastNews-Letter_0003.txt	I:\BL_TXTS\1820s\1828\05\1828.05.27_TheBelfastNews-Letter_0001.txt
202	321	314	I:\BL_TXTS\1820s\1828\12\1828.12.30_TheBristolMercury_0003.txt	I:\BL_TXTS\1820s\1828\05\1828.05.13_TheBristolMercury_0003.txt
288	454	437	I:\BL_TXTS\1820s\1828\12\1828.12.30_TheBristolMercury_0004.txt	I:\BL_TXTS\1820s\1828\05\1828.05.13_TheBristolMercury_0004.txt
241	378	384	I:\BL_TXTS\1820s\1828\12\1828.12.30_TheBristolMercury_0004.txt	I:\BL_TXTS\1820s\1828\05\1828.05.20_TheBristolMercury_0004.txt
292	441	426	I:\BL_TXTS\1820s\1828\12\1828.12.30_TheBristolMercury_0004.txt	I:\BL_TXTS\1820s\1828\05\1828.05.27_TheBristolMercury_0004.txt
